5.089850000000000207e-01
4.554150000000000142e-01
4.410819999999999741e-01
4.488219999999999987e-01
5.170219999999999816e-01
6.202079999999999815e-01
6.502040000000000042e-01
6.195910000000000029e-01
4.991050000000000209e-01
4.595150000000000068e-01
4.501430000000000153e-01
5.206420000000000492e-01
4.966249999999999831e-01
5.399760000000000115e-01
5.505409999999999471e-01
5.232590000000000297e-01
5.387220000000000342e-01
4.634469999999999978e-01
4.449469999999999814e-01
4.587870000000000004e-01
4.992719999999999936e-01
5.611810000000000409e-01
5.976860000000000506e-01
5.135830000000000117e-01
5.382959999999999967e-01
4.827319999999999944e-01
5.205539999999999612e-01
5.444029999999999703e-01
4.707479999999999998e-01
5.038070000000000048e-01
4.901369999999999894e-01
5.044279999999999875e-01
5.336410000000000320e-01
5.076100000000000056e-01
4.825070000000000192e-01
5.190209999999999546e-01
4.698430000000000106e-01
4.970280000000000253e-01
4.305760000000000143e-01
4.857750000000000123e-01
5.748870000000000369e-01
6.993920000000000137e-01
6.482649999999999801e-01
6.331529999999999658e-01
5.433230000000000004e-01
7.724330000000000362e-01
8.258910000000000418e-01
6.846740000000000048e-01
4.901030000000000109e-01
5.063090000000000090e-01
5.257610000000000339e-01
4.946130000000000249e-01
4.951999999999999735e-01
5.638459999999999583e-01
5.649220000000000352e-01
5.235049999999999981e-01
5.419279999999999653e-01
5.111430000000000140e-01
4.868739999999999735e-01
6.576020000000000199e-01
9.411249999999999893e-01
2.554199999999999804e+00
2.833110000000000017e+00
1.118570000000000064e+00
6.379679999999999795e-01
5.999379999999999713e-01
5.660420000000000451e-01
5.393280000000000296e-01
4.753290000000000015e-01
4.826219999999999954e-01
5.185710000000000042e-01
4.639590000000000103e-01
4.582319999999999727e-01
4.653269999999999906e-01
4.728669999999999818e-01
4.707330000000000125e-01
4.723399999999999821e-01
4.525199999999999778e-01
4.653680000000000039e-01
4.720230000000000259e-01
5.705099999999999616e-01
7.769329999999999847e-01
9.449779999999999847e-01
7.511229999999999851e-01
6.798870000000000191e-01
5.975049999999999528e-01
5.561340000000000172e-01
5.890999999999999570e-01
5.267319999999999780e-01
5.316480000000000095e-01
5.069749999999999535e-01
5.187659999999999494e-01
5.390530000000000044e-01
5.134149999999999547e-01
5.264870000000000383e-01
6.189599999999999547e-01
6.046150000000000135e-01
5.510380000000000278e-01
5.202609999999999735e-01
4.808720000000000216e-01
4.830459999999999754e-01
4.564659999999999829e-01
5.232860000000000289e-01
5.681359999999999744e-01
5.759809999999999652e-01
6.296720000000000095e-01
6.707570000000000476e-01
6.414290000000000269e-01
5.464510000000000201e-01
5.955380000000000118e-01
6.003330000000000055e-01
5.891739999999999755e-01
8.173169999999999602e-01
2.046819999999999862e+00
1.737349999999999950e+00
1.824850000000000083e+00
9.788860000000000339e-01
7.507439999999999669e-01
7.859329999999999927e-01
5.744540000000000202e-01
4.760590000000000099e-01
5.987620000000000164e-01
6.007190000000000030e-01
5.711960000000000370e-01
5.846270000000000078e-01
8.744570000000000398e-01
8.435270000000000268e-01
8.212730000000000308e-01
5.585719999999999574e-01
5.464499999999999913e-01
5.300139999999999851e-01
5.165220000000000367e-01
5.345590000000000064e-01
5.438140000000000196e-01
4.948779999999999846e-01
5.049430000000000307e-01
4.943089999999999984e-01
5.065229999999999455e-01
5.404400000000000315e-01
4.896650000000000169e-01
4.624219999999999997e-01
4.766110000000000069e-01
5.208040000000000447e-01
6.026230000000000198e-01
5.743489999999999984e-01
5.535799999999999610e-01
4.903739999999999766e-01
4.391809999999999881e-01
5.094910000000000272e-01
5.250150000000000095e-01
5.351230000000000153e-01
5.783669999999999645e-01
5.117599999999999927e-01
5.049320000000000475e-01
5.212250000000000494e-01
5.376959999999999518e-01
6.109350000000000058e-01
5.630789999999999962e-01
6.075289999999999857e-01
1.192129999999999912e+00
1.011570000000000080e+00
6.944960000000000022e-01
4.852400000000000047e-01
4.159720000000000084e-01
4.755469999999999975e-01
4.800880000000000147e-01
5.104039999999999688e-01
5.491449999999999942e-01
5.313409999999999522e-01
7.039269999999999694e-01
6.780389999999999473e-01
8.218339999999999534e-01
7.748570000000000180e-01
6.054580000000000517e-01
7.704309999999999770e-01
5.893899999999999695e-01
5.233409999999999451e-01
5.644829999999999570e-01
7.228250000000000508e-01
8.819550000000000445e-01
9.337360000000000104e-01
1.201119999999999965e+00
1.124209999999999932e+00
6.847590000000000066e-01
6.286580000000000501e-01
5.877010000000000289e-01
5.178779999999999495e-01
7.685560000000000169e-01
8.139220000000000343e-01
5.389850000000000474e-01
5.624900000000000455e-01
6.560620000000000340e-01
7.686209999999999987e-01
6.694269999999999943e-01
6.302280000000000104e-01
5.883760000000000101e-01
5.447049999999999947e-01
5.196260000000000323e-01
6.166239999999999499e-01
