5.486240000000000006e-01
5.380530000000000035e-01
5.641850000000000476e-01
5.640540000000000553e-01
5.068089999999999540e-01
5.116260000000000252e-01
4.775699999999999945e-01
4.715219999999999967e-01
6.519629999999999592e-01
6.558969999999999523e-01
6.458580000000000432e-01
6.416830000000000034e-01
6.642919999999999936e-01
5.341369999999999729e-01
4.593280000000000141e-01
4.532390000000000030e-01
5.245480000000000143e-01
5.263780000000000125e-01
5.667159999999999975e-01
5.929130000000000233e-01
5.487459999999999560e-01
5.733190000000000230e-01
6.048660000000000148e-01
6.273339999999999472e-01
6.201240000000000085e-01
5.868060000000000498e-01
5.827120000000000077e-01
5.243499999999999828e-01
5.076859999999999706e-01
5.299599999999999866e-01
4.751699999999999813e-01
5.388039999999999496e-01
4.987800000000000011e-01
4.721529999999999894e-01
5.321050000000000502e-01
5.111189999999999900e-01
4.869569999999999732e-01
5.147340000000000249e-01
5.334459999999999757e-01
5.718590000000000062e-01
5.285119999999999818e-01
5.148909999999999876e-01
8.082179999999999920e-01
7.169280000000000097e-01
6.140529999999999600e-01
5.843580000000000441e-01
7.123699999999999477e-01
6.464689999999999603e-01
5.772650000000000281e-01
5.208570000000000144e-01
4.662680000000000158e-01
4.779379999999999740e-01
5.104140000000000343e-01
5.203649999999999665e-01
4.752919999999999923e-01
5.288890000000000535e-01
5.417030000000000456e-01
5.584689999999999932e-01
5.065250000000000030e-01
4.463920000000000110e-01
4.709990000000000010e-01
5.184579999999999744e-01
5.450120000000000520e-01
6.623999999999999888e-01
5.171869999999999523e-01
6.517349999999999532e-01
6.319810000000000150e-01
4.902509999999999923e-01
5.008420000000000094e-01
6.777159999999999851e-01
4.936309999999999865e-01
5.062849999999999850e-01
4.360559999999999992e-01
4.898660000000000236e-01
5.368819999999999704e-01
5.460810000000000386e-01
5.557720000000000438e-01
5.193050000000000166e-01
4.611370000000000191e-01
5.468330000000000135e-01
6.936980000000000368e-01
6.497439999999999882e-01
5.253560000000000452e-01
4.693240000000000189e-01
4.757279999999999842e-01
4.832679999999999754e-01
4.920789999999999886e-01
4.894830000000000014e-01
5.592930000000000401e-01
5.622669999999999613e-01
5.143590000000000106e-01
5.016070000000000251e-01
6.855590000000000295e-01
6.306009999999999671e-01
6.322499999999999787e-01
6.257049999999999557e-01
6.478099999999999969e-01
7.737079999999999513e-01
5.707600000000000451e-01
4.894669999999999854e-01
4.962489999999999957e-01
5.571249999999999813e-01
5.107129999999999725e-01
5.204929999999999835e-01
5.487319999999999975e-01
5.469089999999999785e-01
5.968869999999999454e-01
5.243079999999999963e-01
5.237150000000000416e-01
5.376509999999999900e-01
4.770809999999999773e-01
5.248859999999999637e-01
4.736389999999999767e-01
4.799900000000000277e-01
5.325349999999999806e-01
5.218450000000000033e-01
5.494379999999999820e-01
4.769340000000000246e-01
5.450909999999999922e-01
5.831319999999999837e-01
5.682730000000000281e-01
5.348600000000000021e-01
5.062159999999999993e-01
5.748220000000000551e-01
1.067020000000000080e+00
9.676839999999999886e-01
6.742810000000000192e-01
5.575970000000000093e-01
6.880009999999999737e-01
5.956679999999999753e-01
4.428989999999999871e-01
4.476559999999999984e-01
5.141780000000000239e-01
6.143480000000000052e-01
5.985559999999999770e-01
4.450479999999999992e-01
4.822110000000000007e-01
5.062410000000000521e-01
4.854840000000000266e-01
4.611979999999999968e-01
4.985280000000000267e-01
5.795719999999999761e-01
5.062879999999999603e-01
5.763949999999999907e-01
5.323179999999999579e-01
5.128479999999999706e-01
4.645509999999999917e-01
4.779220000000000135e-01
4.947790000000000243e-01
4.359370000000000189e-01
4.733499999999999930e-01
4.712350000000000150e-01
4.855780000000000096e-01
4.928779999999999828e-01
4.984580000000000122e-01
5.049829999999999597e-01
5.052309999999999857e-01
4.645589999999999997e-01
4.733450000000000157e-01
5.067190000000000305e-01
4.701380000000000003e-01
4.930510000000000170e-01
5.053720000000000434e-01
4.619480000000000253e-01
5.261090000000000488e-01
5.483700000000000241e-01
4.757600000000000162e-01
4.732330000000000148e-01
4.302460000000000173e-01
5.174699999999999855e-01
5.369030000000000191e-01
4.961740000000000039e-01
5.131970000000000143e-01
4.500069999999999903e-01
5.028629999999999489e-01
5.469030000000000280e-01
4.824320000000000275e-01
5.050590000000000357e-01
4.918399999999999994e-01
4.996519999999999850e-01
4.783430000000000182e-01
4.542100000000000026e-01
5.007009999999999517e-01
4.687310000000000088e-01
5.134410000000000363e-01
5.356379999999999475e-01
4.916039999999999854e-01
5.786599999999999522e-01
5.451899999999999524e-01
4.903179999999999761e-01
5.353419999999999845e-01
5.475219999999999532e-01
5.406400000000000095e-01
6.550470000000000459e-01
6.180700000000000083e-01
5.109070000000000000e-01
5.402139999999999720e-01
7.283070000000000377e-01
6.878950000000000342e-01
