0.508985
0.455415
0.441082
0.448822
0.517022
0.620208
0.650204
0.619591
0.499105
0.459515
0.450143
0.520642
0.496625
0.539976
0.550541
0.523259
0.538722
0.463447
0.444947
0.458787
0.499272
0.561181
0.597686
0.513583
0.538296
0.482732
0.520554
0.544403
0.470748
0.503807
0.490137
0.504428
0.533641
0.50761
0.482507
0.519021
0.469843
0.497028
0.430576
0.485775
0.574887
0.699392
0.648265
0.633153
0.543323
0.772433
0.825891
0.684674
0.490103
0.506309
0.525761
0.494613
0.4952
0.563846
0.564922
0.523505
0.541928
0.511143
0.486874
0.657602
0.941125
2.5542
2.83311
1.11857
0.637968
0.599938
0.566042
0.539328
0.475329
0.482622
0.518571
0.463959
0.458232
0.465327
0.472867
0.470733
0.47234
0.45252
0.465368
0.472023
0.57051
0.776933
0.944978
0.751123
0.679887
0.597505
0.556134
0.5891
0.526732
0.531648
0.506975
0.518766
0.539053
0.513415
0.526487
0.61896
0.604615
0.551038
0.520261
0.480872
0.483046
0.456466
0.523286
0.568136
0.575981
0.629672
0.670757
0.641429
0.546451
0.595538
0.600333
0.589174
0.817317
2.04682
1.73735
1.82485
0.978886
0.750744
0.785933
0.574454
0.476059
0.598762
0.600719
0.571196
0.584627
0.874457
0.843527
0.821273
0.558572
0.54645
0.530014
0.516522
0.534559
0.543814
0.494878
0.504943
0.494309
0.506523
0.54044
0.489665
0.462422
0.476611
0.520804
0.602623
0.574349
0.55358
0.490374
0.439181
0.509491
0.525015
0.535123
0.578367
0.51176
0.504932
0.521225
0.537696
0.610935
0.563079
0.607529
1.19213
1.01157
0.694496
0.48524
0.415972
0.475547
0.480088
0.510404
0.549145
0.531341
0.703927
0.678039
0.821834
0.774857
0.605458
0.770431
0.58939
0.523341
0.564483
0.722825
0.881955
0.933736
1.20112
1.12421
0.684759
0.628658
0.587701
0.517878
0.768556
0.813922
0.538985
0.56249
0.656062
0.768621
0.669427
0.630228
0.588376
0.544705
0.519626
0.616624
11.9008
0.548624
0.538053
0.564185
0.564054
0.506809
0.511626
0.47757
0.471522
0.651963
0.655897
0.645858
0.641683
0.664292
0.534137
0.459328
0.453239
0.524548
0.526378
0.566716
0.592913
0.548746
0.573319
0.604866
0.627334
0.620124
0.586806
0.582712
0.52435
0.507686
0.52996
0.47517
0.538804
0.49878
0.472153
0.532105
0.511119
0.486957
0.514734
0.533446
0.571859
0.528512
0.514891
0.808218
0.716928
0.614053
0.584358
0.71237
0.646469
0.577265
0.520857
0.466268
0.477938
0.510414
0.520365
0.475292
0.528889
0.541703
0.558469
0.506525
0.446392
0.470999
0.518458
0.545012
0.6624
0.517187
0.651735
0.631981
0.490251
0.500842
0.677716
0.493631
0.506285
0.436056
0.489866
0.536882
0.546081
0.555772
0.519305
0.461137
0.546833
0.693698
0.649744
0.525356
0.469324
0.475728
0.483268
0.492079
0.489483
0.559293
0.562267
0.514359
0.501607
0.685559
0.630601
0.63225
0.625705
0.64781
0.773708
0.57076
0.489467
0.496249
0.557125
0.510713
0.520493
0.548732
0.546909
0.596887
0.524308
0.523715
0.537651
0.477081
0.524886
0.473639
0.47999
0.532535
0.521845
0.549438
0.476934
0.545091
0.583132
0.568273
0.53486
0.506216
0.574822
1.06702
0.967684
0.674281
0.557597
0.688001
0.595668
0.442899
0.447656
0.514178
0.614348
0.598556
0.445048
0.482211
0.506241
0.485484
0.461198
0.498528
0.579572
0.506288
0.576395
0.532318
0.512848
0.464551
0.477922
0.494779
0.435937
0.47335
0.471235
0.485578
0.492878
0.498458
0.504983
0.505231
0.464559
0.473345
0.506719
0.470138
0.493051
0.505372
0.461948
0.526109
0.54837
0.47576
0.473233
0.430246
0.51747
0.536903
0.496174
0.513197
0.450007
0.502863
0.546903
0.482432
0.505059
0.49184
0.499652
0.478343
0.45421
0.500701
0.468731
0.513441
0.535638
0.491604
0.57866
0.54519
0.490318
0.535342
0.547522
0.54064
0.655047
0.61807
0.510907
0.540214
0.728307
0.687895
