0.716435
0.806389
0.714096
0.616457
0.646749
0.571806
0.538348
0.609874
0.672542
0.67081
0.71918
0.680621
0.628885
0.704271
0.522557
0.631129
0.62458
0.687627
0.618072
0.547019
0.67271
0.797759
0.704754
0.771596
0.697138
0.590648
0.636013
0.581392
0.580582
0.738742
0.788946
0.731703
0.795993
0.789969
0.679633
0.743706
0.71334
0.616048
0.655808
0.803379
0.736691
0.682383
0.645797
0.694874
0.673187
0.777826
0.756862
0.779336
0.681142
0.811679
0.850568
0.791881
0.72413
0.757609
0.697414
0.556407
0.686676
0.697519
0.603531
0.595321
0.662378
0.665753
0.604198
0.67184
0.845682
0.744272
0.669218
0.583931
0.559408
0.665441
0.667601
0.715597
0.770284
0.634819
0.665306
0.58737
0.675501
0.726275
0.686573
0.763724
0.772516
0.590095
0.593005
0.605192
0.786139
0.887474
0.702148
0.647572
0.570357
0.510653
0.54592
0.621961
0.648323
0.758679
0.615655
0.684006
0.562821
0.612836
0.671803
0.694747
0.659629
0.593664
0.590255
0.675589
0.61748
0.698206
0.653851
0.625197
0.618521
0.614098
0.684077
0.601438
0.666162
0.688149
0.494705
0.542723
0.612125
0.742165
0.66469
0.687146
0.675373
0.744539
0.811197
0.823449
0.645888
0.571464
0.708558
0.543469
0.639901
0.677541
0.809204
1.09807
0.899801
0.762238
0.75094
0.810392
0.854245
0.769392
0.73652
0.592482
0.567108
0.614883
0.776124
0.667203
0.673253
0.681394
0.513086
0.601151
0.549128
0.662872
0.591756
0.616023
0.506858
0.601628
0.681248
0.550385
0.594049
0.62659
0.638505
0.695445
0.645595
0.58663
0.567444
0.544978
0.603649
0.74334
0.609844
0.476092
0.63391
0.500158
0.600859
0.582673
0.667187
0.579026
0.568607
0.593815
0.495027
0.588396
0.60429
0.594545
0.631139
0.712074
0.68018
0.608672
0.630647
0.56475
0.629433
0.650932
0.591753
0.560528
0.726966
0.69122
0.707567
0.605978
0.546498
0.746899
0.690624
0.658246
0.53978
10.0491
0.530355
0.633837
0.658245
0.657537
0.586513
0.534067
0.643586
0.539692
0.636357
0.598787
0.639256
0.653858
0.579002
0.649256
0.604248
0.632815
0.575678
0.634987
0.601713
0.618032
0.560937
0.561743
0.698591
0.609573
0.436432
0.659156
0.752077
0.797777
0.692085
0.591039
0.594339
0.669777
0.690729
0.723925
0.736824
0.84506
0.760965
0.690354
0.701364
0.559304
0.535592
0.53016
0.665862
0.566633
0.607358
0.63533
0.508465
0.472777
0.520577
0.513724
0.510764
0.559373
0.587121
0.637195
0.567846
0.555345
0.693717
0.790948
0.566525
0.557518
0.619031
0.667696
0.520485
0.568259
0.712982
0.602731
0.572572
0.595757
0.662069
0.59109
0.466481
0.474535
0.511651
0.401138
0.453307
0.530434
0.434213
0.408622
0.364794
0.510875
0.430161
0.401558
0.505921
0.594572
0.671991
0.533685
0.551389
0.722463
0.612478
0.643502
0.476158
0.554792
0.438766
0.465086
0.651347
0.537143
0.572346
0.658921
0.581819
0.700383
0.697272
0.540108
0.489238
0.553467
0.506698
0.534747
0.615446
0.491971
0.498954
0.602184
0.637199
0.703155
0.636969
0.576089
0.582196
0.67366
0.687417
0.734951
0.781101
0.680097
0.889003
0.70643
0.598356
0.646642
0.619901
0.613417
0.499183
0.496555
0.584228
0.526913
0.492
0.549892
0.645146
0.616259
0.667522
0.663102
0.575635
0.632587
0.701247
0.646543
0.603565
0.515889
0.577271
0.556414
0.573565
0.526889
0.535078
0.473864
0.516678
0.562509
0.528485
0.466575
0.506621
0.553706
0.484652
0.814106
0.795941
0.788778
0.622108
0.665581
0.560407
0.613434
0.949849
1.35546
1.49266
1.12083
0.945518
0.6901
0.53222
0.795197
0.656007
0.631684
0.650306
0.55988
0.572393
0.570771
0.556919
0.644392
0.503088
0.567112
0.556434
0.524628
0.548964
0.537047
0.52206
0.552357
0.602212
0.640143
0.587423
0.436481
0.472127
0.681812
1.14816
1.0351
1.14376
1.01224
0.65472
0.60668
0.550977
