5.303550000000000209e-01
6.338369999999999838e-01
6.582449999999999690e-01
6.575370000000000381e-01
5.865129999999999511e-01
5.340669999999999584e-01
6.435859999999999914e-01
5.396919999999999495e-01
6.363569999999999505e-01
5.987869999999999582e-01
6.392560000000000464e-01
6.538580000000000503e-01
5.790020000000000167e-01
6.492560000000000553e-01
6.042480000000000073e-01
6.328150000000000164e-01
5.756780000000000230e-01
6.349869999999999681e-01
6.017130000000000534e-01
6.180320000000000258e-01
5.609370000000000189e-01
5.617429999999999923e-01
6.985909999999999620e-01
6.095730000000000315e-01
4.364319999999999866e-01
6.591559999999999642e-01
7.520769999999999955e-01
7.977769999999999584e-01
6.920849999999999502e-01
5.910389999999999810e-01
5.943389999999999507e-01
6.697769999999999557e-01
6.907290000000000374e-01
7.239250000000000407e-01
7.368240000000000345e-01
8.450600000000000334e-01
7.609650000000000025e-01
6.903540000000000232e-01
7.013639999999999874e-01
5.593040000000000234e-01
5.355919999999999570e-01
5.301599999999999646e-01
6.658619999999999539e-01
5.666330000000000533e-01
6.073579999999999535e-01
6.353299999999999503e-01
5.084649999999999448e-01
4.727770000000000028e-01
5.205769999999999564e-01
5.137239999999999585e-01
5.107639999999999958e-01
5.593730000000000091e-01
5.871210000000000040e-01
6.371949999999999559e-01
5.678459999999999619e-01
5.553449999999999775e-01
6.937170000000000281e-01
7.909479999999999844e-01
5.665249999999999453e-01
5.575179999999999580e-01
6.190309999999999979e-01
6.676959999999999562e-01
5.204849999999999755e-01
5.682589999999999586e-01
7.129820000000000046e-01
6.027310000000000167e-01
5.725719999999999699e-01
5.957569999999999810e-01
6.620690000000000186e-01
5.910900000000000043e-01
4.664809999999999790e-01
4.745349999999999846e-01
5.116509999999999669e-01
4.011379999999999946e-01
4.533070000000000155e-01
5.304339999999999611e-01
4.342130000000000156e-01
4.086219999999999852e-01
3.647940000000000071e-01
5.108749999999999680e-01
4.301610000000000156e-01
4.015580000000000260e-01
5.059209999999999541e-01
5.945719999999999894e-01
6.719910000000000050e-01
5.336849999999999650e-01
5.513890000000000180e-01
7.224629999999999663e-01
6.124779999999999669e-01
6.435020000000000184e-01
4.761580000000000257e-01
5.547919999999999519e-01
4.387659999999999894e-01
4.650859999999999994e-01
6.513470000000000093e-01
5.371430000000000371e-01
5.723460000000000214e-01
6.589209999999999789e-01
5.818189999999999751e-01
7.003829999999999778e-01
6.972720000000000029e-01
5.401080000000000325e-01
4.892380000000000062e-01
5.534670000000000423e-01
5.066979999999999817e-01
5.347469999999999724e-01
6.154460000000000486e-01
4.919709999999999916e-01
4.989540000000000086e-01
6.021840000000000526e-01
6.371989999999999599e-01
7.031549999999999745e-01
6.369690000000000074e-01
5.760889999999999622e-01
5.821960000000000468e-01
6.736600000000000366e-01
6.874169999999999447e-01
7.349510000000000209e-01
7.811010000000000453e-01
6.800969999999999516e-01
8.890029999999999877e-01
7.064300000000000024e-01
5.983559999999999990e-01
6.466420000000000501e-01
6.199010000000000353e-01
6.134169999999999900e-01
4.991829999999999878e-01
4.965550000000000241e-01
5.842279999999999696e-01
5.269129999999999647e-01
4.919999999999999929e-01
5.498920000000000474e-01
6.451459999999999972e-01
6.162590000000000012e-01
6.675219999999999487e-01
6.631019999999999692e-01
5.756350000000000078e-01
6.325870000000000104e-01
7.012469999999999537e-01
6.465429999999999788e-01
6.035650000000000182e-01
5.158890000000000420e-01
5.772709999999999786e-01
5.564139999999999642e-01
5.735649999999999915e-01
5.268890000000000517e-01
5.350780000000000536e-01
4.738640000000000074e-01
5.166779999999999706e-01
5.625090000000000368e-01
5.284849999999999826e-01
4.665750000000000175e-01
5.066209999999999880e-01
5.537060000000000315e-01
4.846520000000000272e-01
8.141059999999999963e-01
7.959410000000000096e-01
7.887779999999999792e-01
6.221079999999999943e-01
6.655809999999999782e-01
5.604069999999999885e-01
6.134340000000000348e-01
9.498490000000000544e-01
1.355460000000000109e+00
1.492660000000000098e+00
1.120829999999999993e+00
9.455179999999999696e-01
6.901000000000000467e-01
5.322200000000000264e-01
7.951970000000000427e-01
6.560070000000000068e-01
6.316840000000000233e-01
6.503060000000000507e-01
5.598800000000000443e-01
5.723930000000000407e-01
5.707710000000000283e-01
5.569190000000000529e-01
6.443919999999999648e-01
5.030879999999999797e-01
5.671119999999999495e-01
5.564339999999999842e-01
5.246279999999999832e-01
5.489640000000000075e-01
5.370470000000000521e-01
5.220599999999999685e-01
5.523569999999999869e-01
6.022119999999999695e-01
6.401430000000000176e-01
5.874230000000000285e-01
4.364810000000000079e-01
4.721270000000000189e-01
6.818119999999999736e-01
1.148160000000000069e+00
1.035099999999999909e+00
1.143760000000000110e+00
1.012240000000000029e+00
6.547199999999999687e-01
6.066799999999999971e-01
5.509770000000000501e-01
