7.164350000000000440e-01
8.063890000000000224e-01
7.140959999999999530e-01
6.164570000000000327e-01
6.467490000000000183e-01
5.718060000000000365e-01
5.383480000000000487e-01
6.098740000000000272e-01
6.725419999999999732e-01
6.708100000000000174e-01
7.191800000000000415e-01
6.806210000000000315e-01
6.288850000000000273e-01
7.042709999999999804e-01
5.225570000000000492e-01
6.311290000000000511e-01
6.245800000000000241e-01
6.876269999999999882e-01
6.180719999999999548e-01
5.470190000000000330e-01
6.727100000000000302e-01
7.977589999999999959e-01
7.047539999999999916e-01
7.715959999999999486e-01
6.971380000000000354e-01
5.906479999999999508e-01
6.360130000000000505e-01
5.813920000000000199e-01
5.805820000000000425e-01
7.387420000000000098e-01
7.889460000000000361e-01
7.317029999999999923e-01
7.959929999999999506e-01
7.899690000000000323e-01
6.796330000000000426e-01
7.437059999999999782e-01
7.133399999999999741e-01
6.160480000000000400e-01
6.558079999999999465e-01
8.033789999999999543e-01
7.366909999999999847e-01
6.823829999999999618e-01
6.457969999999999544e-01
6.948739999999999917e-01
6.731869999999999798e-01
7.778260000000000174e-01
7.568620000000000347e-01
7.793360000000000287e-01
6.811420000000000252e-01
8.116790000000000393e-01
8.505679999999999907e-01
7.918809999999999460e-01
7.241300000000000514e-01
7.576089999999999769e-01
6.974139999999999784e-01
5.564069999999999849e-01
6.866759999999999531e-01
6.975190000000000001e-01
6.035310000000000397e-01
5.953209999999999891e-01
6.623780000000000223e-01
6.657530000000000392e-01
6.041980000000000128e-01
6.718399999999999928e-01
8.456820000000000448e-01
7.442720000000000447e-01
6.692179999999999795e-01
5.839309999999999778e-01
5.594080000000000163e-01
6.654409999999999492e-01
6.676010000000000000e-01
7.155970000000000386e-01
7.702839999999999687e-01
6.348190000000000222e-01
6.653059999999999530e-01
5.873699999999999477e-01
6.755010000000000181e-01
7.262750000000000039e-01
6.865729999999999889e-01
7.637239999999999585e-01
7.725159999999999805e-01
5.900950000000000362e-01
5.930050000000000043e-01
6.051919999999999522e-01
7.861390000000000322e-01
8.874739999999999851e-01
7.021479999999999944e-01
6.475720000000000365e-01
5.703570000000000029e-01
5.106530000000000236e-01
5.459199999999999608e-01
6.219609999999999861e-01
6.483229999999999826e-01
7.586789999999999923e-01
6.156549999999999523e-01
6.840060000000000029e-01
5.628210000000000157e-01
6.128360000000000474e-01
6.718030000000000390e-01
6.947470000000000034e-01
6.596290000000000209e-01
5.936639999999999695e-01
5.902549999999999741e-01
6.755889999999999951e-01
6.174800000000000288e-01
6.982059999999999933e-01
6.538509999999999600e-01
6.251970000000000027e-01
6.185209999999999875e-01
6.140980000000000327e-01
6.840770000000000461e-01
6.014380000000000281e-01
6.661620000000000319e-01
6.881490000000000107e-01
4.947050000000000058e-01
5.427229999999999555e-01
6.121250000000000302e-01
7.421649999999999636e-01
6.646900000000000031e-01
6.871460000000000345e-01
6.753730000000000011e-01
7.445389999999999509e-01
8.111969999999999459e-01
8.234489999999999865e-01
6.458880000000000177e-01
5.714639999999999720e-01
7.085580000000000211e-01
5.434689999999999799e-01
6.399010000000000531e-01
6.775409999999999489e-01
8.092040000000000344e-01
1.098070000000000102e+00
8.998009999999999620e-01
7.622379999999999711e-01
7.509400000000000519e-01
8.103920000000000012e-01
8.542450000000000321e-01
7.693919999999999648e-01
7.365199999999999525e-01
5.924819999999999531e-01
5.671079999999999455e-01
6.148829999999999574e-01
7.761240000000000361e-01
6.672029999999999905e-01
6.732529999999999903e-01
6.813940000000000552e-01
5.130860000000000420e-01
6.011509999999999909e-01
5.491279999999999495e-01
6.628720000000000168e-01
5.917559999999999487e-01
6.160229999999999873e-01
5.068580000000000307e-01
6.016280000000000516e-01
6.812479999999999647e-01
5.503850000000000131e-01
5.940490000000000492e-01
6.265899999999999803e-01
6.385049999999999892e-01
6.954449999999999799e-01
6.455950000000000299e-01
5.866299999999999848e-01
5.674439999999999484e-01
5.449779999999999625e-01
6.036489999999999911e-01
7.433400000000000007e-01
6.098440000000000527e-01
4.760920000000000152e-01
6.339099999999999735e-01
5.001579999999999915e-01
6.008590000000000320e-01
5.826729999999999965e-01
6.671869999999999745e-01
5.790260000000000407e-01
5.686069999999999736e-01
5.938149999999999817e-01
4.950269999999999948e-01
5.883960000000000301e-01
6.042899999999999938e-01
5.945449999999999902e-01
6.311390000000000056e-01
7.120739999999999847e-01
6.801800000000000068e-01
6.086719999999999908e-01
6.306469999999999576e-01
5.647499999999999742e-01
6.294330000000000203e-01
6.509319999999999551e-01
5.917529999999999735e-01
5.605280000000000262e-01
7.269660000000000011e-01
6.912199999999999456e-01
7.075669999999999460e-01
6.059780000000000166e-01
5.464980000000000393e-01
7.468989999999999796e-01
6.906240000000000157e-01
6.582459999999999978e-01
5.397800000000000376e-01
