0.309111
0.425544
0.366179
0.425568
0.483008
0.78298
0.74793
0.548008
0.502036
0.430737
0.390137
0.352083
0.35431
0.416017
0.499034
0.743781
0.712063
0.708847
0.549847
0.464088
0.496657
0.444156
0.646645
0.537175
0.474061
0.418124
0.481079
1.01141
1.02805
1.38679
0.586589
0.483628
0.49339
0.409475
0.371952
0.417717
0.410379
0.378151
0.37238
0.431152
0.55842
1.41084
1.59116
1.14448
0.65439
0.759446
1.01479
1.01593
1.03182
1.38111
0.874
0.626537
0.533338
0.406848
0.376304
0.436259
0.439596
0.425452
0.397952
0.342124
0.492397
0.558134
0.498712
0.550139
0.470147
0.60506
0.451999
0.432364
0.407632
0.356134
0.389719
0.393228
0.440363
0.38469
0.396489
0.42439
0.45243
0.496305
0.507357
0.661407
1.45035
1.16919
1.04402
0.697743
0.677416
1.59322
1.37766
1.77103
0.943531
1.09144
0.674274
0.558999
0.520604
0.784057
1.41635
1.41352
1.22648
1.18628
1.02816
0.865412
0.7572
0.821407
1.5402
1.00787
1.64099
0.790348
0.521465
0.503389
0.514603
0.614661
0.533917
0.46152
0.794984
0.578188
0.700795
0.516719
0.604105
0.877596
1.14561
0.592566
0.475921
0.498448
0.466391
0.455416
0.433084
0.391977
0.434147
0.635312
1.19629
0.841839
0.816584
0.67027
0.681241
0.598245
0.781578
0.678573
0.520773
0.430276
0.536054
0.472984
0.49708
0.503103
0.436315
0.518905
0.813382
0.902006
1.13708
1.29531
0.658159
0.508423
0.615923
0.521877
0.522242
0.399816
0.39589
0.404713
0.395512
0.403635
0.439043
0.441744
0.460556
0.461853
0.413894
0.413514
0.442659
0.436007
0.435631
0.761106
0.671103
0.548573
0.417944
0.489429
0.505519
0.663064
0.585208
0.489619
0.464123
0.44392
0.454039
0.459819
0.468366
0.42703
0.399897
0.537191
0.591017
0.617889
0.673311
0.477171
0.50438
0.716974
0.785365
0.750078
1.20749
0.893366
0.884379
0.675467
0.647462
0.404191
0.420659
10.7259
0.530553
0.482683
0.457414
0.436086
0.425783
0.411785
0.483155
0.476378
0.452603
0.487979
0.548618
0.58218
0.563199
0.522767
0.483698
0.429294
0.440802
0.422286
0.442475
0.500435
0.503103
0.599715
0.494544
0.542721
0.554208
0.519653
0.475352
0.495332
0.516731
0.512393
0.48675
0.51154
0.528697
0.507733
0.472592
0.461207
0.48442
0.447248
0.438265
0.427016
0.424101
0.359805
0.382051
0.429966
0.481624
0.615003
0.523107
0.48952
0.388415
0.352576
0.434212
0.510838
0.476008
0.538829
0.514747
0.518158
0.508782
0.58871
0.405664
0.388259
0.431825
0.451769
0.519943
0.444544
0.528896
0.52299
0.5074
0.49351
0.55652
0.550633
0.510346
0.52964
0.459031
0.45271
0.453299
0.504818
0.498994
0.452908
0.394658
0.405084
0.545805
0.550879
0.508515
0.435452
0.37659
0.356672
0.443338
0.570546
0.582237
0.474396
0.446187
0.403944
0.36254
0.37644
0.407882
0.431095
0.521217
0.505604
0.417302
0.529209
0.559137
0.553612
0.42052
0.391316
0.530336
0.50174
0.546161
0.489079
0.485768
0.459293
0.55483
0.439418
0.451486
0.406296
0.468909
0.453355
0.444147
0.402088
0.396644
0.38832
0.435941
0.474398
0.458594
0.402716
0.438447
0.480502
0.498728
0.444993
0.444102
0.517324
0.492545
0.497138
0.56576
0.572313
0.560743
0.573492
0.469154
0.462667
0.45082
0.50052
0.464239
0.437679
0.452024
0.470234
0.651234
0.824246
1.57219
1.58141
1.74924
0.916383
0.579918
0.463805
0.425062
0.425504
0.417591
0.47305
0.986794
1.13158
0.884974
0.87833
0.686954
0.508508
0.681525
0.625898
0.489036
0.459949
0.518783
0.509764
0.544752
0.538039
0.590732
0.607356
0.729958
0.646508
0.569868
0.555837
0.77902
1.31906
1.49641
0.727916
0.528947
0.478293
0.540048
0.529177
0.539678
0.499822
0.457977
0.451088
0.482995
0.491898
0.449013
0.421229
0.548722
0.428002
0.4727
0.562696
0.609203
0.509837
0.467318
