5.305530000000000523e-01
4.826829999999999732e-01
4.574139999999999873e-01
4.360859999999999737e-01
4.257830000000000226e-01
4.117850000000000121e-01
4.831550000000000011e-01
4.763780000000000237e-01
4.526029999999999776e-01
4.879789999999999961e-01
5.486180000000000501e-01
5.821800000000000308e-01
5.631990000000000052e-01
5.227669999999999817e-01
4.836980000000000168e-01
4.292940000000000089e-01
4.408020000000000271e-01
4.222859999999999947e-01
4.424750000000000072e-01
5.004349999999999632e-01
5.031029999999999669e-01
5.997149999999999981e-01
4.945439999999999836e-01
5.427210000000000090e-01
5.542080000000000339e-01
5.196530000000000316e-01
4.753519999999999968e-01
4.953319999999999945e-01
5.167310000000000514e-01
5.123929999999999874e-01
4.867500000000000160e-01
5.115399999999999947e-01
5.286969999999999725e-01
5.077329999999999899e-01
4.725920000000000121e-01
4.612069999999999781e-01
4.844200000000000172e-01
4.472479999999999789e-01
4.382650000000000157e-01
4.270160000000000067e-01
4.241010000000000058e-01
3.598049999999999859e-01
3.820509999999999740e-01
4.299660000000000148e-01
4.816239999999999966e-01
6.150029999999999664e-01
5.231069999999999887e-01
4.895200000000000107e-01
3.884150000000000102e-01
3.525760000000000005e-01
4.342119999999999869e-01
5.108380000000000143e-01
4.760079999999999867e-01
5.388290000000000024e-01
5.147469999999999546e-01
5.181580000000000075e-01
5.087819999999999565e-01
5.887099999999999556e-01
4.056640000000000246e-01
3.882590000000000208e-01
4.318250000000000144e-01
4.517689999999999761e-01
5.199430000000000440e-01
4.445439999999999947e-01
5.288960000000000328e-01
5.229899999999999549e-01
5.073999999999999622e-01
4.935100000000000042e-01
5.565200000000000147e-01
5.506330000000000391e-01
5.103459999999999663e-01
5.296399999999999997e-01
4.590310000000000223e-01
4.527100000000000013e-01
4.532990000000000075e-01
5.048179999999999890e-01
4.989939999999999931e-01
4.529079999999999773e-01
3.946580000000000088e-01
4.050839999999999996e-01
5.458049999999999846e-01
5.508790000000000076e-01
5.085150000000000503e-01
4.354520000000000057e-01
3.765899999999999803e-01
3.566719999999999891e-01
4.433380000000000098e-01
5.705459999999999976e-01
5.822370000000000045e-01
4.743959999999999844e-01
4.461870000000000003e-01
4.039440000000000253e-01
3.625399999999999734e-01
3.764399999999999968e-01
4.078820000000000223e-01
4.310950000000000060e-01
5.212170000000000414e-01
5.056040000000000534e-01
4.173020000000000063e-01
5.292090000000000405e-01
5.591369999999999951e-01
5.536119999999999930e-01
4.205200000000000049e-01
3.913159999999999972e-01
5.303360000000000296e-01
5.017399999999999638e-01
5.461610000000000076e-01
4.890789999999999860e-01
4.857679999999999776e-01
4.592930000000000068e-01
5.548300000000000454e-01
4.394179999999999753e-01
4.514859999999999984e-01
4.062959999999999905e-01
4.689090000000000202e-01
4.533550000000000080e-01
4.441470000000000140e-01
4.020880000000000010e-01
3.966439999999999966e-01
3.883199999999999985e-01
4.359410000000000229e-01
4.743979999999999864e-01
4.585940000000000016e-01
4.027160000000000184e-01
4.384469999999999756e-01
4.805019999999999847e-01
4.987280000000000046e-01
4.449930000000000274e-01
4.441019999999999968e-01
5.173240000000000061e-01
4.925450000000000106e-01
4.971380000000000243e-01
5.657600000000000406e-01
5.723129999999999606e-01
5.607429999999999914e-01
5.734920000000000018e-01
4.691540000000000155e-01
4.626669999999999949e-01
4.508199999999999985e-01
5.005199999999999649e-01
4.642390000000000128e-01
4.376789999999999847e-01
4.520239999999999814e-01
4.702339999999999853e-01
6.512339999999999796e-01
8.242460000000000342e-01
1.572189999999999976e+00
1.581409999999999982e+00
1.749239999999999906e+00
9.163829999999999476e-01
5.799180000000000446e-01
4.638050000000000228e-01
4.250619999999999954e-01
4.255039999999999933e-01
4.175909999999999900e-01
4.730500000000000260e-01
9.867939999999999490e-01
1.131580000000000030e+00
8.849740000000000384e-01
8.783300000000000551e-01
6.869539999999999536e-01
5.085079999999999600e-01
6.815250000000000474e-01
6.258979999999999544e-01
4.890360000000000262e-01
4.599489999999999967e-01
5.187829999999999941e-01
5.097639999999999949e-01
5.447520000000000140e-01
5.380390000000000450e-01
5.907320000000000348e-01
6.073560000000000070e-01
7.299579999999999957e-01
6.465079999999999716e-01
5.698680000000000412e-01
5.558370000000000255e-01
7.790200000000000458e-01
1.319059999999999899e+00
1.496410000000000018e+00
7.279160000000000075e-01
5.289469999999999450e-01
4.782930000000000237e-01
5.400479999999999725e-01
5.291770000000000085e-01
5.396779999999999911e-01
4.998219999999999885e-01
4.579770000000000230e-01
4.510879999999999890e-01
4.829950000000000077e-01
4.918980000000000019e-01
4.490129999999999955e-01
4.212290000000000201e-01
5.487220000000000431e-01
4.280019999999999936e-01
4.727000000000000091e-01
5.626959999999999740e-01
6.092030000000000500e-01
5.098369999999999846e-01
4.673180000000000112e-01
