3.091110000000000246e-01
4.255439999999999778e-01
3.661789999999999767e-01
4.255680000000000018e-01
4.830079999999999929e-01
7.829800000000000093e-01
7.479299999999999837e-01
5.480080000000000506e-01
5.020360000000000378e-01
4.307369999999999810e-01
3.901370000000000116e-01
3.520829999999999793e-01
3.543100000000000138e-01
4.160170000000000257e-01
4.990339999999999776e-01
7.437810000000000255e-01
7.120630000000000015e-01
7.088470000000000049e-01
5.498469999999999747e-01
4.640880000000000005e-01
4.966570000000000151e-01
4.441559999999999953e-01
6.466450000000000253e-01
5.371749999999999581e-01
4.740610000000000102e-01
4.181239999999999957e-01
4.810789999999999789e-01
1.011409999999999920e+00
1.028049999999999908e+00
1.386789999999999967e+00
5.865890000000000271e-01
4.836280000000000023e-01
4.933899999999999952e-01
4.094749999999999779e-01
3.719520000000000048e-01
4.177170000000000050e-01
4.103789999999999938e-01
3.781510000000000149e-01
3.723799999999999888e-01
4.311519999999999797e-01
5.584200000000000275e-01
1.410840000000000094e+00
1.591159999999999908e+00
1.144479999999999942e+00
6.543900000000000272e-01
7.594459999999999544e-01
1.014790000000000081e+00
1.015930000000000000e+00
1.031819999999999959e+00
1.381110000000000060e+00
8.739999999999999991e-01
6.265370000000000106e-01
5.333379999999999788e-01
4.068479999999999874e-01
3.763040000000000274e-01
4.362590000000000079e-01
4.395959999999999868e-01
4.254519999999999968e-01
3.979519999999999724e-01
3.421239999999999837e-01
4.923969999999999736e-01
5.581340000000000190e-01
4.987119999999999886e-01
5.501390000000000446e-01
4.701469999999999816e-01
6.050600000000000422e-01
4.519989999999999841e-01
4.323640000000000261e-01
4.076319999999999943e-01
3.561340000000000061e-01
3.897189999999999821e-01
3.932280000000000220e-01
4.403630000000000044e-01
3.846899999999999764e-01
3.964889999999999803e-01
4.243899999999999895e-01
4.524299999999999988e-01
4.963049999999999962e-01
5.073569999999999469e-01
6.614069999999999672e-01
1.450350000000000028e+00
1.169189999999999952e+00
1.044019999999999948e+00
6.977430000000000021e-01
6.774160000000000181e-01
1.593220000000000081e+00
1.377660000000000107e+00
1.771030000000000104e+00
9.435310000000000086e-01
1.091439999999999966e+00
6.742740000000000400e-01
5.589990000000000236e-01
5.206039999999999557e-01
7.840570000000000039e-01
1.416349999999999998e+00
1.413520000000000110e+00
1.226480000000000015e+00
1.186280000000000001e+00
1.028159999999999963e+00
8.654119999999999591e-01
7.571999999999999842e-01
8.214069999999999983e-01
1.540200000000000014e+00
1.007870000000000044e+00
1.640989999999999949e+00
7.903480000000000505e-01
5.214649999999999563e-01
5.033889999999999754e-01
5.146030000000000326e-01
6.146610000000000129e-01
5.339169999999999749e-01
4.615199999999999858e-01
7.949840000000000240e-01
5.781880000000000353e-01
7.007949999999999458e-01
5.167190000000000394e-01
6.041050000000000031e-01
8.775960000000000427e-01
1.145610000000000017e+00
5.925660000000000371e-01
4.759209999999999829e-01
4.984480000000000022e-01
4.663910000000000000e-01
4.554159999999999875e-01
4.330840000000000245e-01
3.919770000000000199e-01
4.341470000000000051e-01
6.353119999999999878e-01
1.196290000000000076e+00
8.418390000000000040e-01
8.165839999999999765e-01
6.702700000000000324e-01
6.812409999999999854e-01
5.982450000000000268e-01
7.815779999999999950e-01
6.785729999999999817e-01
5.207730000000000414e-01
4.302759999999999918e-01
5.360540000000000305e-01
4.729840000000000155e-01
4.970800000000000218e-01
5.031029999999999669e-01
4.363150000000000084e-01
5.189049999999999496e-01
8.133820000000000494e-01
9.020059999999999745e-01
1.137080000000000091e+00
1.295309999999999961e+00
6.581590000000000495e-01
5.084229999999999583e-01
6.159229999999999983e-01
5.218770000000000353e-01
5.222419999999999840e-01
3.998160000000000047e-01
3.958900000000000197e-01
4.047129999999999894e-01
3.955119999999999747e-01
4.036350000000000215e-01
4.390430000000000166e-01
4.417440000000000255e-01
4.605560000000000209e-01
4.618530000000000135e-01
4.138939999999999841e-01
4.135139999999999927e-01
4.426590000000000247e-01
4.360069999999999779e-01
4.356309999999999905e-01
7.611059999999999492e-01
6.711030000000000051e-01
5.485729999999999773e-01
4.179439999999999822e-01
4.894290000000000029e-01
5.055190000000000516e-01
6.630639999999999867e-01
5.852079999999999504e-01
4.896190000000000264e-01
4.641230000000000078e-01
4.439199999999999813e-01
4.540390000000000259e-01
4.598189999999999777e-01
4.683660000000000045e-01
4.270300000000000207e-01
3.998970000000000025e-01
5.371909999999999741e-01
5.910170000000000146e-01
6.178890000000000216e-01
6.733109999999999928e-01
4.771710000000000118e-01
5.043800000000000505e-01
7.169740000000000002e-01
7.853649999999999798e-01
7.500780000000000225e-01
1.207489999999999952e+00
8.933659999999999934e-01
8.843790000000000262e-01
6.754670000000000396e-01
6.474619999999999820e-01
4.041910000000000225e-01
4.206590000000000051e-01
