0.629984
0.55801
0.523981
0.724485
0.669955
0.751451
0.595849
0.501572
0.442827
0.538996
0.588723
0.583972
0.528772
0.563883
0.636972
0.647425
0.505701
0.610881
0.473728
0.559432
0.583127
0.448901
0.53561
0.511537
0.587339
0.6058
0.58222
0.601749
0.555415
0.495318
0.510852
0.67637
0.547077
0.478511
0.467261
0.454447
0.547723
0.579308
0.548556
0.634094
0.642407
0.638013
0.666169
0.715176
0.722455
0.681237
0.566754
0.641317
0.656524
0.627158
0.560817
0.575956
0.67168
0.687629
0.62147
0.554853
0.622182
0.69283
0.63908
0.610123
0.608661
0.677332
0.71056
0.663204
0.630654
0.701832
0.79955
0.770536
0.944042
2.1626
1.53839
1.16527
0.891716
2.65413
2.14625
2.24694
1.12393
0.694784
0.72049
0.655756
0.775869
0.642975
0.649391
0.659251
0.580411
0.630496
0.550202
0.573463
0.585335
0.520087
0.567824
0.496401
0.534343
0.600243
0.490725
0.533629
0.552528
0.530363
0.582306
0.591016
0.613978
0.698401
0.639223
0.658028
0.675309
0.847974
1.02833
2.01395
2.55174
2.41471
1.33863
0.855842
0.776963
0.618848
0.587495
0.563848
0.550497
0.508608
0.512181
0.498477
0.609037
0.721981
0.773694
0.790565
0.646965
0.537252
0.520624
0.555909
0.688676
0.64892
0.693771
0.642298
0.540108
0.540464
0.511432
0.504055
0.588117
0.525657
0.575851
0.743921
0.552403
0.660667
0.572455
0.512241
0.592207
0.520708
0.562523
0.59134
0.658755
0.630806
0.497257
0.616269
0.682207
0.713138
0.812583
0.877097
1.01905
2.54678
1.69996
2.55412
1.29441
0.745399
0.811131
0.636267
0.596897
0.830777
0.698091
0.540352
0.635204
0.632082
0.684693
0.595116
0.498809
0.547422
0.551381
0.515209
0.47306
0.527897
0.510681
0.546933
0.579105
0.536555
0.672724
0.516575
0.539529
0.557565
0.513837
0.602161
0.511706
0.508901
0.563264
0.64478
0.682647
0.661031
0.593899
0.55029
0.576597
0.438644
0.521299
8.67323
0.487669
0.476049
0.55378
0.622973
0.650852
0.598311
0.577452
0.622113
0.533062
0.42794
0.447075
0.500363
0.491829
0.383575
0.422518
0.393781
0.543973
0.484741
0.388643
0.527636
0.427029
0.454801
0.452097
0.499362
0.488521
0.51851
0.499327
0.365703
0.436326
0.468893
0.399811
0.372393
0.369012
0.504612
0.44137
0.39811
0.480966
0.407129
0.454302
0.467667
0.433658
0.492477
0.426996
0.451344
0.625576
0.50049
0.510932
0.640637
0.67699
1.45468
1.22029
0.905733
0.660128
0.610575
0.521398
0.456718
0.471244
0.513602
0.462232
0.548667
0.836568
0.754957
0.638853
0.765277
0.53112
0.584176
0.555154
0.50544
0.502642
0.441785
0.467373
0.427224
0.437356
0.475243
0.414963
0.462859
0.492051
0.454263
0.473275
0.481005
0.408249
0.426618
0.461687
0.435875
0.489846
0.434229
0.372824
0.41373
0.428094
0.391719
0.488001
0.429997
0.356537
0.42148
0.392561
0.483539
0.464254
0.406759
0.483414
0.397747
0.416367
0.500735
0.474106
0.390595
0.472593
0.450758
0.431961
0.459589
0.446205
0.507849
0.587035
0.498072
0.450326
0.401449
0.403223
0.457741
0.495661
0.433336
0.435962
0.442231
0.442836
0.49508
0.509708
0.483476
0.478843
0.450872
0.553608
0.582485
0.516213
0.445541
0.435442
0.491972
0.436847
0.533676
0.475348
0.431281
0.458401
0.391958
0.460705
0.491796
0.466856
0.436695
0.515598
0.472123
0.387351
0.342966
0.507897
0.544462
0.521754
0.422714
0.463061
0.437668
0.35189
0.369246
0.526347
0.476487
0.402008
0.514624
0.402123
0.454873
0.551555
1.36902
1.40932
1.32112
0.914843
0.689835
0.581325
0.524045
0.454202
0.423433
0.490107
0.424531
0.385826
0.385766
0.38517
0.377445
0.42035
0.517591
0.428667
0.45571
0.479232
0.433026
0.495065
0.46038
0.43626
0.408826
0.485071
0.387781
0.378254
0.411483
0.37792
0.488968
0.426005
0.439431
0.40757
0.403699
0.462389
0.469903
0.382073
