4.876690000000000191e-01
4.760489999999999999e-01
5.537800000000000500e-01
6.229729999999999990e-01
6.508519999999999861e-01
5.983110000000000372e-01
5.774519999999999653e-01
6.221130000000000271e-01
5.330620000000000358e-01
4.279399999999999871e-01
4.470750000000000002e-01
5.003630000000000022e-01
4.918290000000000162e-01
3.835749999999999993e-01
4.225180000000000047e-01
3.937809999999999921e-01
5.439730000000000398e-01
4.847409999999999775e-01
3.886430000000000162e-01
5.276359999999999939e-01
4.270289999999999919e-01
4.548010000000000108e-01
4.520970000000000266e-01
4.993619999999999726e-01
4.885209999999999830e-01
5.185100000000000264e-01
4.993270000000000208e-01
3.657030000000000003e-01
4.363259999999999916e-01
4.688930000000000042e-01
3.998110000000000275e-01
3.723929999999999740e-01
3.690120000000000067e-01
5.046119999999999495e-01
4.413699999999999846e-01
3.981100000000000194e-01
4.809660000000000046e-01
4.071290000000000187e-01
4.543019999999999836e-01
4.676669999999999994e-01
4.336579999999999879e-01
4.924769999999999981e-01
4.269959999999999867e-01
4.513440000000000230e-01
6.255760000000000209e-01
5.004899999999999904e-01
5.109320000000000528e-01
6.406370000000000120e-01
6.769899999999999807e-01
1.454679999999999973e+00
1.220290000000000097e+00
9.057330000000000103e-01
6.601280000000000481e-01
6.105749999999999789e-01
5.213980000000000281e-01
4.567180000000000129e-01
4.712439999999999962e-01
5.136020000000000030e-01
4.622319999999999762e-01
5.486670000000000158e-01
8.365679999999999783e-01
7.549569999999999892e-01
6.388530000000000042e-01
7.652769999999999850e-01
5.311200000000000365e-01
5.841760000000000286e-01
5.551540000000000363e-01
5.054400000000000004e-01
5.026420000000000332e-01
4.417849999999999833e-01
4.673729999999999829e-01
4.272239999999999926e-01
4.373560000000000225e-01
4.752430000000000265e-01
4.149630000000000263e-01
4.628590000000000204e-01
4.920510000000000161e-01
4.542629999999999724e-01
4.732750000000000012e-01
4.810050000000000159e-01
4.082489999999999730e-01
4.266179999999999972e-01
4.616870000000000140e-01
4.358750000000000124e-01
4.898460000000000036e-01
4.342289999999999761e-01
3.728239999999999887e-01
4.137299999999999867e-01
4.280939999999999745e-01
3.917189999999999839e-01
4.880010000000000181e-01
4.299970000000000181e-01
3.565369999999999928e-01
4.214800000000000213e-01
3.925609999999999933e-01
4.835389999999999966e-01
4.642540000000000000e-01
4.067589999999999817e-01
4.834140000000000104e-01
3.977470000000000172e-01
4.163669999999999871e-01
5.007350000000000412e-01
4.741060000000000274e-01
3.905950000000000255e-01
4.725929999999999853e-01
4.507579999999999920e-01
4.319609999999999839e-01
4.595890000000000253e-01
4.462050000000000183e-01
5.078489999999999949e-01
5.870349999999999735e-01
4.980720000000000147e-01
4.503260000000000041e-01
4.014490000000000003e-01
4.032229999999999981e-01
4.577410000000000090e-01
4.956610000000000182e-01
4.333359999999999990e-01
4.359620000000000162e-01
4.422309999999999852e-01
4.428360000000000074e-01
4.950800000000000201e-01
5.097080000000000499e-01
4.834760000000000169e-01
4.788430000000000186e-01
4.508719999999999950e-01
5.536079999999999890e-01
5.824850000000000305e-01
5.162130000000000329e-01
4.455410000000000204e-01
4.354419999999999957e-01
4.919720000000000204e-01
4.368469999999999853e-01
5.336760000000000392e-01
4.753479999999999928e-01
4.312810000000000255e-01
4.584010000000000029e-01
3.919579999999999731e-01
4.607049999999999756e-01
4.917960000000000109e-01
4.668559999999999932e-01
4.366949999999999998e-01
5.155980000000000008e-01
4.721230000000000149e-01
3.873510000000000009e-01
3.429659999999999931e-01
5.078970000000000429e-01
5.444620000000000015e-01
5.217540000000000511e-01
4.227139999999999787e-01
4.630610000000000004e-01
4.376680000000000015e-01
3.518899999999999806e-01
3.692460000000000186e-01
5.263470000000000093e-01
4.764869999999999939e-01
4.020079999999999765e-01
5.146239999999999704e-01
4.021230000000000082e-01
4.548730000000000273e-01
5.515550000000000175e-01
1.369019999999999904e+00
1.409319999999999906e+00
1.321120000000000072e+00
9.148429999999999618e-01
6.898349999999999760e-01
5.813249999999999806e-01
5.240449999999999831e-01
4.542019999999999946e-01
4.234330000000000038e-01
4.901070000000000149e-01
4.245309999999999917e-01
3.858260000000000023e-01
3.857659999999999978e-01
3.851700000000000124e-01
3.774449999999999750e-01
4.203500000000000014e-01
5.175910000000000233e-01
4.286670000000000202e-01
4.557100000000000040e-01
4.792319999999999913e-01
4.330260000000000220e-01
4.950649999999999773e-01
4.603800000000000114e-01
4.362599999999999811e-01
4.088260000000000227e-01
4.850709999999999744e-01
3.877809999999999868e-01
3.782539999999999791e-01
4.114829999999999877e-01
3.779199999999999782e-01
4.889680000000000137e-01
4.260050000000000225e-01
4.394310000000000160e-01
4.075699999999999878e-01
4.036989999999999745e-01
4.623889999999999945e-01
4.699030000000000151e-01
3.820729999999999960e-01
