6.299839999999999884e-01
5.580100000000000060e-01
5.239810000000000301e-01
7.244850000000000456e-01
6.699549999999999672e-01
7.514509999999999801e-01
5.958489999999999620e-01
5.015720000000000178e-01
4.428270000000000262e-01
5.389960000000000306e-01
5.887229999999999963e-01
5.839720000000000466e-01
5.287720000000000198e-01
5.638830000000000231e-01
6.369719999999999827e-01
6.474250000000000282e-01
5.057009999999999561e-01
6.108810000000000073e-01
4.737279999999999824e-01
5.594320000000000404e-01
5.831269999999999509e-01
4.489009999999999945e-01
5.356100000000000305e-01
5.115370000000000195e-01
5.873390000000000555e-01
6.058000000000000052e-01
5.822199999999999598e-01
6.017489999999999783e-01
5.554149999999999920e-01
4.953179999999999805e-01
5.108519999999999728e-01
6.763700000000000268e-01
5.470770000000000355e-01
4.785110000000000197e-01
4.672609999999999819e-01
4.544469999999999898e-01
5.477229999999999599e-01
5.793080000000000451e-01
5.485560000000000436e-01
6.340940000000000465e-01
6.424069999999999503e-01
6.380130000000000523e-01
6.661690000000000111e-01
7.151760000000000339e-01
7.224549999999999583e-01
6.812369999999999814e-01
5.667539999999999800e-01
6.413170000000000259e-01
6.565239999999999965e-01
6.271579999999999933e-01
5.608170000000000099e-01
5.759560000000000235e-01
6.716800000000000548e-01
6.876290000000000457e-01
6.214699999999999669e-01
5.548530000000000406e-01
6.221820000000000128e-01
6.928299999999999459e-01
6.390799999999999814e-01
6.101229999999999709e-01
6.086610000000000076e-01
6.773320000000000451e-01
7.105599999999999694e-01
6.632040000000000157e-01
6.306540000000000479e-01
7.018320000000000114e-01
7.995499999999999829e-01
7.705359999999999987e-01
9.440420000000000478e-01
2.162599999999999856e+00
1.538389999999999924e+00
1.165270000000000028e+00
8.917159999999999531e-01
2.654129999999999878e+00
2.146250000000000213e+00
2.246939999999999937e+00
1.123930000000000096e+00
6.947839999999999572e-01
7.204899999999999638e-01
6.557560000000000056e-01
7.758690000000000309e-01
6.429749999999999632e-01
6.493910000000000515e-01
6.592510000000000314e-01
5.804110000000000102e-01
6.304959999999999454e-01
5.502019999999999689e-01
5.734629999999999450e-01
5.853350000000000497e-01
5.200869999999999660e-01
5.678239999999999954e-01
4.964009999999999811e-01
5.343430000000000124e-01
6.002429999999999710e-01
4.907250000000000223e-01
5.336290000000000200e-01
5.525280000000000191e-01
5.303630000000000289e-01
5.823059999999999903e-01
5.910159999999999858e-01
6.139780000000000237e-01
6.984010000000000495e-01
6.392229999999999857e-01
6.580279999999999463e-01
6.753090000000000481e-01
8.479740000000000055e-01
1.028329999999999966e+00
2.013949999999999907e+00
2.551740000000000119e+00
2.414709999999999912e+00
1.338629999999999987e+00
8.558419999999999916e-01
7.769629999999999592e-01
6.188479999999999537e-01
5.874949999999999894e-01
5.638480000000000159e-01
5.504970000000000141e-01
5.086079999999999490e-01
5.121809999999999974e-01
4.984770000000000034e-01
6.090370000000000505e-01
7.219809999999999839e-01
7.736939999999999928e-01
7.905649999999999622e-01
6.469650000000000123e-01
5.372519999999999518e-01
5.206239999999999757e-01
5.559089999999999865e-01
6.886759999999999549e-01
6.489200000000000523e-01
6.937710000000000266e-01
6.422980000000000356e-01
5.401080000000000325e-01
5.404640000000000555e-01
5.114319999999999977e-01
5.040550000000000308e-01
5.881170000000000009e-01
5.256570000000000409e-01
5.758510000000000018e-01
7.439210000000000544e-01
5.524029999999999774e-01
6.606670000000000043e-01
5.724550000000000471e-01
5.122409999999999464e-01
5.922070000000000389e-01
5.207079999999999487e-01
5.625229999999999952e-01
5.913399999999999768e-01
6.587549999999999795e-01
6.308059999999999778e-01
4.972570000000000046e-01
6.162689999999999557e-01
6.822070000000000078e-01
7.131380000000000496e-01
8.125830000000000553e-01
8.770970000000000155e-01
1.019050000000000011e+00
2.546780000000000044e+00
1.699959999999999916e+00
2.554120000000000168e+00
1.294410000000000061e+00
7.453990000000000338e-01
8.111310000000000464e-01
6.362670000000000270e-01
5.968970000000000109e-01
8.307769999999999877e-01
6.980910000000000171e-01
5.403520000000000545e-01
6.352039999999999909e-01
6.320820000000000327e-01
6.846929999999999961e-01
5.951159999999999783e-01
4.988090000000000024e-01
5.474219999999999642e-01
5.513810000000000100e-01
5.152090000000000281e-01
4.730599999999999805e-01
5.278969999999999496e-01
5.106810000000000516e-01
5.469330000000000025e-01
5.791049999999999809e-01
5.365550000000000042e-01
6.727239999999999887e-01
5.165750000000000064e-01
5.395290000000000363e-01
5.575649999999999773e-01
5.138369999999999882e-01
6.021609999999999463e-01
5.117059999999999942e-01
5.089010000000000478e-01
5.632639999999999869e-01
6.447800000000000198e-01
6.826470000000000038e-01
6.610310000000000352e-01
5.938989999999999547e-01
5.502899999999999459e-01
5.765970000000000262e-01
4.386439999999999784e-01
5.212989999999999569e-01
