4.925789999999999891e-01
6.589720000000000022e-01
5.388039999999999496e-01
5.370439999999999658e-01
5.839910000000000379e-01
6.260139999999999594e-01
6.419099999999999806e-01
7.059929999999999817e-01
6.821530000000000094e-01
6.870610000000000328e-01
6.816250000000000364e-01
5.896559999999999580e-01
6.231389999999999985e-01
6.570219999999999949e-01
7.264789999999999859e-01
6.779370000000000118e-01
5.250899999999999457e-01
5.510460000000000358e-01
7.923139999999999628e-01
1.141580000000000039e+00
2.139969999999999928e+00
2.084529999999999994e+00
1.011349999999999971e+00
6.673050000000000370e-01
6.834740000000000260e-01
6.704729999999999857e-01
7.160119999999999818e-01
6.037069999999999936e-01
5.946369999999999711e-01
6.694510000000000183e-01
6.192640000000000366e-01
6.488869999999999916e-01
6.530169999999999586e-01
6.344950000000000312e-01
6.869309999999999583e-01
6.323860000000000037e-01
5.667910000000000448e-01
5.612219999999999986e-01
6.438909999999999911e-01
6.293330000000000313e-01
5.649210000000000065e-01
5.270010000000000527e-01
5.083720000000000461e-01
5.304619999999999891e-01
5.889029999999999543e-01
6.194020000000000081e-01
4.670770000000000199e-01
5.379859999999999642e-01
5.323390000000000066e-01
4.583229999999999804e-01
5.712329999999999908e-01
5.524109999999999854e-01
6.005230000000000290e-01
6.506480000000000041e-01
5.945719999999999894e-01
5.696919999999999762e-01
6.374149999999999539e-01
5.390390000000000459e-01
6.140820000000000167e-01
5.741690000000000405e-01
6.044850000000000501e-01
4.827890000000000237e-01
5.677060000000000439e-01
6.921549999999999647e-01
7.536340000000000261e-01
6.232579999999999787e-01
4.600600000000000245e-01
5.254790000000000294e-01
5.302210000000000534e-01
4.707450000000000245e-01
4.340359999999999774e-01
4.862509999999999888e-01
4.057029999999999803e-01
3.929969999999999852e-01
4.724450000000000038e-01
5.020940000000000403e-01
5.382540000000000102e-01
5.433419999999999916e-01
4.528630000000000155e-01
3.706479999999999775e-01
4.882659999999999778e-01
5.575430000000000108e-01
5.915270000000000250e-01
5.496990000000000487e-01
6.018329999999999513e-01
5.721680000000000099e-01
6.068759999999999710e-01
5.949499999999999789e-01
4.832270000000000176e-01
5.027850000000000374e-01
5.609499999999999487e-01
4.749530000000000141e-01
4.578169999999999740e-01
4.512160000000000060e-01
4.383250000000000202e-01
4.777750000000000052e-01
4.667339999999999822e-01
4.213480000000000003e-01
4.517160000000000064e-01
5.469260000000000232e-01
5.676459999999999839e-01
5.456469999999999931e-01
5.644639999999999658e-01
6.592540000000000067e-01
5.314980000000000260e-01
4.847219999999999862e-01
5.876299999999999857e-01
5.344330000000000469e-01
4.596540000000000070e-01
5.146800000000000264e-01
5.186380000000000434e-01
6.587889999999999580e-01
5.671669999999999767e-01
5.683489999999999931e-01
6.727109999999999479e-01
5.690760000000000263e-01
4.148499999999999965e-01
5.875280000000000502e-01
5.942450000000000232e-01
7.550980000000000469e-01
6.826889999999999903e-01
6.028360000000000385e-01
5.307910000000000128e-01
5.905989999999999851e-01
6.459340000000000082e-01
6.466229999999999478e-01
5.841720000000000246e-01
6.170510000000000161e-01
6.212809999999999722e-01
6.029579999999999940e-01
5.387910000000000199e-01
4.846420000000000172e-01
4.981519999999999837e-01
5.535160000000000080e-01
5.712500000000000355e-01
5.260139999999999816e-01
4.953560000000000185e-01
4.705050000000000066e-01
5.170649999999999968e-01
5.233119999999999994e-01
5.841480000000000006e-01
5.753230000000000288e-01
5.503099999999999659e-01
5.385429999999999939e-01
4.776130000000000098e-01
3.856120000000000103e-01
5.198190000000000310e-01
6.105810000000000404e-01
5.074710000000000054e-01
5.538279999999999870e-01
5.695299999999999807e-01
4.890880000000000227e-01
4.811759999999999926e-01
4.597999999999999865e-01
3.872110000000000274e-01
5.236779999999999768e-01
6.370710000000000539e-01
6.384020000000000250e-01
6.765910000000000535e-01
5.422339999999999938e-01
5.872570000000000290e-01
6.583080000000000043e-01
6.608570000000000277e-01
7.147630000000000372e-01
5.446170000000000178e-01
5.050510000000000277e-01
5.144499999999999629e-01
4.612840000000000273e-01
6.865320000000000311e-01
5.623559999999999670e-01
4.967779999999999974e-01
8.357059999999999489e-01
6.940619999999999568e-01
6.532550000000000301e-01
5.804129999999999567e-01
5.820990000000000331e-01
6.088400000000000478e-01
5.255159999999999831e-01
4.975970000000000115e-01
5.688010000000000010e-01
5.471420000000000172e-01
5.415180000000000549e-01
6.239740000000000286e-01
5.447650000000000547e-01
5.566050000000000164e-01
7.773710000000000342e-01
6.579819999999999558e-01
7.721379999999999910e-01
5.139449999999999852e-01
5.041579999999999950e-01
4.186699999999999866e-01
4.167939999999999978e-01
4.463369999999999838e-01
4.042259999999999742e-01
4.463869999999999783e-01
4.979879999999999862e-01
4.744320000000000204e-01
4.217409999999999770e-01
4.356949999999999990e-01
