0.492579
0.658972
0.538804
0.537044
0.583991
0.626014
0.64191
0.705993
0.682153
0.687061
0.681625
0.589656
0.623139
0.657022
0.726479
0.677937
0.52509
0.551046
0.792314
1.14158
2.13997
2.08453
1.01135
0.667305
0.683474
0.670473
0.716012
0.603707
0.594637
0.669451
0.619264
0.648887
0.653017
0.634495
0.686931
0.632386
0.566791
0.561222
0.643891
0.629333
0.564921
0.527001
0.508372
0.530462
0.588903
0.619402
0.467077
0.537986
0.532339
0.458323
0.571233
0.552411
0.600523
0.650648
0.594572
0.569692
0.637415
0.539039
0.614082
0.574169
0.604485
0.482789
0.567706
0.692155
0.753634
0.623258
0.46006
0.525479
0.530221
0.470745
0.434036
0.486251
0.405703
0.392997
0.472445
0.502094
0.538254
0.543342
0.452863
0.370648
0.488266
0.557543
0.591527
0.549699
0.601833
0.572168
0.606876
0.59495
0.483227
0.502785
0.56095
0.474953
0.457817
0.451216
0.438325
0.477775
0.466734
0.421348
0.451716
0.546926
0.567646
0.545647
0.564464
0.659254
0.531498
0.484722
0.58763
0.534433
0.459654
0.51468
0.518638
0.658789
0.567167
0.568349
0.672711
0.569076
0.41485
0.587528
0.594245
0.755098
0.682689
0.602836
0.530791
0.590599
0.645934
0.646623
0.584172
0.617051
0.621281
0.602958
0.538791
0.484642
0.498152
0.553516
0.57125
0.526014
0.495356
0.470505
0.517065
0.523312
0.584148
0.575323
0.55031
0.538543
0.477613
0.385612
0.519819
0.610581
0.507471
0.553828
0.56953
0.489088
0.481176
0.4598
0.387211
0.523678
0.637071
0.638402
0.676591
0.542234
0.587257
0.658308
0.660857
0.714763
0.544617
0.505051
0.51445
0.461284
0.686532
0.562356
0.496778
0.835706
0.694062
0.653255
0.580413
0.582099
0.60884
0.525516
0.497597
0.568801
0.547142
0.541518
0.623974
0.544765
0.556605
0.777371
0.657982
0.772138
0.513945
0.504158
0.41867
0.416794
0.446337
0.404226
0.446387
0.497988
0.474432
0.421741
0.435695
11.1441
0.406277
0.457221
0.500945
0.45738
0.402612
0.521789
0.651879
0.646304
0.594283
0.594995
0.510561
0.463259
0.526875
0.592787
0.588482
0.486324
0.515245
0.52688
0.491896
0.527319
0.499536
0.520704
0.573365
0.537769
0.498192
0.421554
0.548801
0.590838
0.568337
0.577954
0.480877
0.479015
0.544189
0.510095
0.469809
0.505636
0.457535
0.416943
0.431282
0.433382
0.50362
0.444219
0.379873
0.462285
0.490663
0.444098
0.413658
0.414613
0.465679
0.562493
0.486012
0.44396
0.45529
0.497656
0.531819
0.473511
0.421605
0.470142
0.364825
0.348948
0.498697
0.475078
0.414429
0.556678
0.600491
0.594475
0.609125
0.53756
0.459746
0.42135
0.369781
0.351852
0.416865
0.493731
0.607307
0.664259
0.719403
0.576214
0.609711
0.976486
1.19432
1.20351
1.16307
0.876052
1.01442
0.781017
0.776134
0.578442
0.684604
2.07027
1.15355
1.24819
1.31993
1.56512
0.797243
0.632085
0.561378
0.620627
0.596052
0.539778
0.551027
0.509697
0.512679
0.527689
0.462922
0.594817
0.551219
0.452395
0.476073
0.478889
0.333706
0.391343
0.484329
0.477548
0.484936
0.440588
0.406616
0.405922
0.372035
0.386574
0.412484
0.405032
0.423823
0.378363
0.363911
0.346592
0.392594
0.438889
0.366295
0.339592
0.337874
0.315851
0.309642
0.310486
0.34547
0.34416
0.377501
0.311654
0.333783
0.302219
0.349622
0.36555
0.344079
0.385526
0.373864
0.401397
0.321644
0.327086
0.313208
0.346118
0.324513
0.327026
0.345034
0.307129
0.354324
0.325292
0.322992
0.357265
0.375197
0.413082
0.421373
0.471358
0.407897
0.368035
0.467303
0.393715
0.31933
0.299109
0.303714
0.379057
0.337843
0.322646
0.350603
0.326677
0.310129
0.352214
0.325739
0.304063
0.454997
0.462219
0.393712
0.441615
0.42075
0.440908
0.456347
0.477196
0.556222
0.439928
0.382897
0.348453
0.45851
0.508716
0.52066
0.440315
0.432312
0.466828
0.388556
0.402184
0.43285
