4.062769999999999992e-01
4.572209999999999885e-01
5.009449999999999736e-01
4.573800000000000088e-01
4.026120000000000254e-01
5.217889999999999473e-01
6.518789999999999862e-01
6.463039999999999896e-01
5.942830000000000057e-01
5.949950000000000516e-01
5.105610000000000426e-01
4.632589999999999764e-01
5.268749999999999822e-01
5.927869999999999528e-01
5.884819999999999496e-01
4.863239999999999785e-01
5.152449999999999530e-01
5.268800000000000150e-01
4.918959999999999999e-01
5.273189999999999822e-01
4.995359999999999800e-01
5.207039999999999447e-01
5.733650000000000135e-01
5.377690000000000525e-01
4.981920000000000237e-01
4.215539999999999843e-01
5.488009999999999833e-01
5.908379999999999743e-01
5.683369999999999811e-01
5.779539999999999678e-01
4.808769999999999989e-01
4.790150000000000241e-01
5.441890000000000338e-01
5.100949999999999651e-01
4.698089999999999766e-01
5.056359999999999744e-01
4.575350000000000250e-01
4.169430000000000081e-01
4.312819999999999987e-01
4.333819999999999895e-01
5.036199999999999566e-01
4.442189999999999750e-01
3.798730000000000162e-01
4.622850000000000015e-01
4.906630000000000158e-01
4.440979999999999928e-01
4.136580000000000257e-01
4.146130000000000093e-01
4.656790000000000096e-01
5.624930000000000208e-01
4.860119999999999996e-01
4.439600000000000213e-01
4.552899999999999725e-01
4.976559999999999873e-01
5.318190000000000417e-01
4.735110000000000152e-01
4.216050000000000075e-01
4.701420000000000043e-01
3.648250000000000104e-01
3.489479999999999804e-01
4.986970000000000014e-01
4.750780000000000003e-01
4.144289999999999918e-01
5.566780000000000062e-01
6.004909999999999970e-01
5.944749999999999757e-01
6.091250000000000275e-01
5.375600000000000378e-01
4.597459999999999880e-01
4.213500000000000023e-01
3.697810000000000263e-01
3.518519999999999981e-01
4.168649999999999856e-01
4.937309999999999754e-01
6.073070000000000412e-01
6.642590000000000439e-01
7.194030000000000147e-01
5.762140000000000040e-01
6.097110000000000030e-01
9.764859999999999651e-01
1.194320000000000048e+00
1.203510000000000080e+00
1.163070000000000048e+00
8.760520000000000529e-01
1.014420000000000099e+00
7.810169999999999613e-01
7.761339999999999906e-01
5.784420000000000117e-01
6.846039999999999903e-01
2.070269999999999833e+00
1.153550000000000075e+00
1.248189999999999911e+00
1.319930000000000048e+00
1.565120000000000067e+00
7.972430000000000350e-01
6.320850000000000080e-01
5.613780000000000436e-01
6.206270000000000397e-01
5.960520000000000262e-01
5.397779999999999800e-01
5.510270000000000445e-01
5.096969999999999557e-01
5.126789999999999958e-01
5.276889999999999636e-01
4.629220000000000002e-01
5.948170000000000401e-01
5.512190000000000145e-01
4.523949999999999916e-01
4.760730000000000239e-01
4.788890000000000091e-01
3.337060000000000026e-01
3.913429999999999964e-01
4.843290000000000095e-01
4.775479999999999725e-01
4.849359999999999782e-01
4.405879999999999797e-01
4.066159999999999775e-01
4.059220000000000050e-01
3.720350000000000046e-01
3.865739999999999732e-01
4.124840000000000173e-01
4.050320000000000031e-01
4.238230000000000053e-01
3.783630000000000049e-01
3.639109999999999845e-01
3.465920000000000112e-01
3.925939999999999985e-01
4.388889999999999736e-01
3.662949999999999817e-01
3.395920000000000050e-01
3.378740000000000077e-01
3.158509999999999929e-01
3.096419999999999728e-01
3.104859999999999842e-01
3.454699999999999993e-01
3.441600000000000215e-01
3.775009999999999755e-01
3.116539999999999866e-01
3.337829999999999964e-01
3.022190000000000154e-01
3.496219999999999883e-01
3.655499999999999861e-01
3.440790000000000237e-01
3.855259999999999798e-01
3.738639999999999741e-01
4.013970000000000038e-01
3.216439999999999855e-01
3.270859999999999879e-01
3.132079999999999864e-01
3.461179999999999812e-01
3.245129999999999959e-01
3.270259999999999834e-01
3.450340000000000074e-01
3.071289999999999853e-01
3.543239999999999723e-01
3.252920000000000256e-01
3.229920000000000013e-01
3.572649999999999992e-01
3.751970000000000027e-01
4.130820000000000047e-01
4.213729999999999976e-01
4.713579999999999992e-01
4.078970000000000096e-01
3.680350000000000010e-01
4.673030000000000239e-01
3.937149999999999817e-01
3.193300000000000027e-01
2.991090000000000138e-01
3.037139999999999840e-01
3.790569999999999773e-01
3.378430000000000044e-01
3.226459999999999884e-01
3.506029999999999980e-01
3.266769999999999952e-01
3.101289999999999880e-01
3.522140000000000271e-01
3.257390000000000008e-01
3.040630000000000277e-01
4.549969999999999848e-01
4.622189999999999910e-01
3.937120000000000064e-01
4.416149999999999798e-01
4.207500000000000129e-01
4.409080000000000221e-01
4.563470000000000026e-01
4.771960000000000091e-01
5.562219999999999942e-01
4.399279999999999857e-01
3.828969999999999874e-01
3.484530000000000127e-01
4.585099999999999731e-01
5.087159999999999460e-01
5.206600000000000117e-01
4.403150000000000119e-01
4.323119999999999741e-01
4.668280000000000207e-01
3.885560000000000125e-01
4.021839999999999860e-01
4.328500000000000125e-01
