9.526430000000000176e-01
1.401489999999999903e+00
1.413499999999999979e+00
7.759230000000000294e-01
6.142790000000000195e-01
5.744920000000000027e-01
5.562799999999999967e-01
5.859440000000000204e-01
5.171019999999999506e-01
5.099860000000000504e-01
4.776529999999999943e-01
5.171069999999999833e-01
6.334600000000000231e-01
5.612989999999999924e-01
5.189799999999999969e-01
5.348969999999999558e-01
5.134140000000000370e-01
5.330369999999999830e-01
5.743949999999999889e-01
5.138279999999999514e-01
4.907449999999999868e-01
4.510350000000000192e-01
5.074070000000000524e-01
5.615980000000000416e-01
5.620060000000000056e-01
5.605350000000000055e-01
5.048510000000000497e-01
4.500609999999999888e-01
6.807860000000000023e-01
7.479989999999999695e-01
8.376919999999999922e-01
1.285549999999999971e+00
1.163329999999999975e+00
1.033139999999999947e+00
9.675089999999999524e-01
2.060020000000000184e+00
1.946569999999999911e+00
1.358109999999999928e+00
1.352379999999999916e+00
7.031220000000000248e-01
6.102159999999999807e-01
6.468030000000000168e-01
6.034329999999999972e-01
7.816830000000000167e-01
9.314599999999999547e-01
8.937509999999999621e-01
8.456759999999999833e-01
7.306519999999999682e-01
6.085760000000000058e-01
6.960119999999999640e-01
6.815809999999999924e-01
6.003680000000000128e-01
5.572660000000000391e-01
5.474580000000000002e-01
6.619660000000000544e-01
8.470330000000000359e-01
1.100689999999999946e+00
1.412150000000000016e+00
6.980300000000000393e-01
5.286960000000000548e-01
4.816630000000000078e-01
5.207669999999999799e-01
6.703440000000000509e-01
6.631489999999999885e-01
5.226709999999999967e-01
4.928089999999999971e-01
5.461139999999999883e-01
5.952499999999999458e-01
6.190170000000000394e-01
7.425150000000000361e-01
6.743630000000000457e-01
8.294660000000000366e-01
1.760299999999999976e+00
1.224599999999999911e+00
1.419759999999999911e+00
9.340309999999999446e-01
7.012239999999999585e-01
6.664510000000000156e-01
5.791300000000000336e-01
5.127270000000000438e-01
6.445959999999999468e-01
6.144549999999999734e-01
6.242379999999999596e-01
7.164220000000000033e-01
2.024420000000000108e+00
1.738850000000000007e+00
1.068140000000000089e+00
6.253589999999999982e-01
5.127500000000000391e-01
4.662069999999999825e-01
4.479699999999999793e-01
4.312309999999999754e-01
4.457610000000000183e-01
4.832139999999999769e-01
4.561850000000000072e-01
5.121559999999999446e-01
5.770079999999999654e-01
5.487440000000000095e-01
4.835699999999999998e-01
6.088850000000000096e-01
5.782140000000000057e-01
5.431300000000000017e-01
4.986019999999999897e-01
4.322909999999999808e-01
4.532950000000000035e-01
4.661029999999999895e-01
4.277110000000000078e-01
4.037040000000000073e-01
4.029800000000000049e-01
3.136200000000000099e-01
3.801550000000000207e-01
4.820010000000000128e-01
4.782489999999999797e-01
4.370040000000000036e-01
3.986379999999999924e-01
3.341160000000000241e-01
3.150890000000000080e-01
4.042120000000000157e-01
4.388690000000000091e-01
4.417389999999999928e-01
5.228920000000000234e-01
1.115350000000000064e+00
9.315769999999999884e-01
6.423320000000000141e-01
4.945910000000000029e-01
4.577049999999999730e-01
5.172120000000000051e-01
6.885109999999999841e-01
6.447699999999999543e-01
7.507139999999999924e-01
5.209730000000000194e-01
4.818040000000000100e-01
5.121440000000000436e-01
5.509579999999999478e-01
5.619169999999999998e-01
7.064789999999999681e-01
1.005069999999999908e+00
1.212539999999999951e+00
1.520529999999999937e+00
8.259849999999999692e-01
6.183400000000000007e-01
6.587340000000000417e-01
8.789730000000000043e-01
7.844950000000000534e-01
6.004990000000000050e-01
6.336810000000000498e-01
5.332879999999999843e-01
6.696440000000000170e-01
6.303490000000000482e-01
5.895439999999999570e-01
6.308960000000000123e-01
5.914869999999999850e-01
5.884570000000000078e-01
5.711049999999999738e-01
6.419270000000000254e-01
6.638399999999999856e-01
5.689589999999999925e-01
5.437939999999999996e-01
5.279199999999999449e-01
5.505820000000000158e-01
9.193249999999999478e-01
9.676580000000000181e-01
1.086289999999999978e+00
6.321440000000000392e-01
6.382600000000000495e-01
5.912460000000000493e-01
6.069390000000000063e-01
5.403120000000000145e-01
5.296079999999999677e-01
4.659209999999999741e-01
5.159249999999999670e-01
5.590209999999999901e-01
8.754410000000000247e-01
8.128570000000000517e-01
6.768530000000000380e-01
6.739589999999999748e-01
6.437889999999999446e-01
8.410410000000000386e-01
7.844929999999999959e-01
7.026289999999999480e-01
7.395819999999999617e-01
8.330049999999999955e-01
6.214319999999999844e-01
1.096160000000000023e+00
9.634019999999999806e-01
9.258100000000000218e-01
9.259640000000000093e-01
6.340489999999999737e-01
5.351110000000000033e-01
6.017329999999999623e-01
6.453719999999999457e-01
5.859490000000000531e-01
5.157100000000000017e-01
6.421679999999999611e-01
7.471309999999999896e-01
7.069769999999999666e-01
6.987440000000000317e-01
7.392619999999999747e-01
5.035809999999999453e-01
