0.262271
0.250083
0.280786
0.258433
0.245729
0.212124
0.20468
0.23535
0.265018
0.298545
0.282616
0.26061
0.267867
0.261881
0.256787
0.23689
0.214252
0.238981
0.259819
0.224853
0.235586
0.216551
0.252855
0.260215
0.242273
0.206455
0.209569
0.278338
0.27583
0.313275
0.263009
0.241709
0.279787
0.294297
0.331505
0.343747
0.302495
0.280668
0.238176
0.267985
0.243839
0.216929
0.287247
0.353297
0.340757
0.331024
0.33722
0.330004
0.355929
0.385539
0.704346
0.524453
0.823798
0.507252
0.386817
0.403349
0.398834
0.351778
0.365713
0.411959
0.438384
0.406208
0.453342
0.518486
0.469924
0.652531
0.54002
0.469504
0.4453
0.391466
0.463738
0.631854
0.440628
0.374794
0.525415
0.487445
0.48372
0.582324
0.507896
0.555692
0.557833
0.406288
0.396135
0.411257
0.417951
0.460223
0.399253
0.3821
0.490704
0.548142
0.493747
0.452695
0.528274
0.457903
0.464951
0.436661
0.435258
0.312169
0.389856
0.364909
0.28227
0.321108
0.295744
0.348166
0.373941
0.37707
0.414127
0.429238
0.398339
0.379354
0.452904
0.418153
0.475457
0.405834
0.450123
0.495723
0.425921
0.4433
0.39618
0.417934
0.379697
0.391805
0.351069
0.436739
0.465327
0.365183
0.389135
0.368957
0.384403
0.360713
0.394587
0.370664
0.355814
0.354065
0.369161
0.357885
0.359853
0.375064
0.309015
0.371497
0.469011
0.372752
0.412987
0.345144
0.386204
0.348016
0.332327
0.303782
0.314616
0.454712
0.441153
0.473882
0.443342
0.538796
0.441931
0.411843
0.385806
0.376108
0.476475
0.458278
0.381966
0.346887
0.435382
0.453969
0.385838
0.387481
0.34048
0.335829
0.342409
0.312239
0.469626
0.405214
0.359726
0.407769
0.525141
0.477898
0.52309
0.406046
0.350942
0.333088
0.329605
0.323222
0.367186
0.366715
0.340098
0.320649
0.343793
0.410987
0.417779
0.398949
0.341591
0.460112
0.541345
0.47617
0.438821
0.406978
0.39615
0.390597
0.397193
9.37429
0.952643
1.40149
1.4135
0.775923
0.614279
0.574492
0.55628
0.585944
0.517102
0.509986
0.477653
0.517107
0.63346
0.561299
0.51898
0.534897
0.513414
0.533037
0.574395
0.513828
0.490745
0.451035
0.507407
0.561598
0.562006
0.560535
0.504851
0.450061
0.680786
0.747999
0.837692
1.28555
1.16333
1.03314
0.967509
2.06002
1.94657
1.35811
1.35238
0.703122
0.610216
0.646803
0.603433
0.781683
0.93146
0.893751
0.845676
0.730652
0.608576
0.696012
0.681581
0.600368
0.557266
0.547458
0.661966
0.847033
1.10069
1.41215
0.69803
0.528696
0.481663
0.520767
0.670344
0.663149
0.522671
0.492809
0.546114
0.59525
0.619017
0.742515
0.674363
0.829466
1.7603
1.2246
1.41976
0.934031
0.701224
0.666451
0.57913
0.512727
0.644596
0.614455
0.624238
0.716422
2.02442
1.73885
1.06814
0.625359
0.51275
0.466207
0.44797
0.431231
0.445761
0.483214
0.456185
0.512156
0.577008
0.548744
0.48357
0.608885
0.578214
0.54313
0.498602
0.432291
0.453295
0.466103
0.427711
0.403704
0.40298
0.31362
0.380155
0.482001
0.478249
0.437004
0.398638
0.334116
0.315089
0.404212
0.438869
0.441739
0.522892
1.11535
0.931577
0.642332
0.494591
0.457705
0.517212
0.688511
0.64477
0.750714
0.520973
0.481804
0.512144
0.550958
0.561917
0.706479
1.00507
1.21254
1.52053
0.825985
0.61834
0.658734
0.878973
0.784495
0.600499
0.633681
0.533288
0.669644
0.630349
0.589544
0.630896
0.591487
0.588457
0.571105
0.641927
0.66384
0.568959
0.543794
0.52792
0.550582
0.919325
0.967658
1.08629
0.632144
0.63826
0.591246
0.606939
0.540312
0.529608
0.465921
0.515925
0.559021
0.875441
0.812857
0.676853
0.673959
0.643789
0.841041
0.784493
0.702629
0.739582
0.833005
0.621432
1.09616
0.963402
0.92581
0.925964
0.634049
0.535111
0.601733
0.645372
0.585949
0.51571
0.642168
0.747131
0.706977
0.698744
0.739262
0.503581
