2.622709999999999764e-01
2.500829999999999997e-01
2.807859999999999800e-01
2.584330000000000238e-01
2.457290000000000030e-01
2.121240000000000070e-01
2.046800000000000008e-01
2.353500000000000036e-01
2.650179999999999758e-01
2.985450000000000048e-01
2.826159999999999783e-01
2.606100000000000083e-01
2.678670000000000218e-01
2.618809999999999749e-01
2.567869999999999875e-01
2.368899999999999895e-01
2.142519999999999980e-01
2.389809999999999990e-01
2.598190000000000222e-01
2.248529999999999973e-01
2.355859999999999899e-01
2.165509999999999935e-01
2.528549999999999964e-01
2.602149999999999741e-01
2.422729999999999884e-01
2.064549999999999996e-01
2.095690000000000053e-01
2.783379999999999743e-01
2.758300000000000196e-01
3.132750000000000257e-01
2.630089999999999928e-01
2.417090000000000072e-01
2.797870000000000079e-01
2.942969999999999753e-01
3.315049999999999941e-01
3.437470000000000248e-01
3.024950000000000139e-01
2.806679999999999731e-01
2.381759999999999988e-01
2.679849999999999732e-01
2.438390000000000002e-01
2.169290000000000107e-01
2.872469999999999746e-01
3.532970000000000277e-01
3.407569999999999766e-01
3.310239999999999849e-01
3.372200000000000197e-01
3.300040000000000195e-01
3.559289999999999954e-01
3.855390000000000206e-01
7.043460000000000276e-01
5.244529999999999470e-01
8.237980000000000302e-01
5.072520000000000362e-01
3.868170000000000219e-01
4.033490000000000131e-01
3.988340000000000218e-01
3.517779999999999796e-01
3.657130000000000103e-01
4.119590000000000196e-01
4.383839999999999959e-01
4.062080000000000135e-01
4.533420000000000227e-01
5.184860000000000024e-01
4.699240000000000084e-01
6.525309999999999722e-01
5.400199999999999445e-01
4.695039999999999769e-01
4.452999999999999736e-01
3.914659999999999807e-01
4.637379999999999836e-01
6.318540000000000267e-01
4.406280000000000197e-01
3.747940000000000160e-01
5.254149999999999654e-01
4.874450000000000172e-01
4.837199999999999833e-01
5.823239999999999528e-01
5.078960000000000141e-01
5.556919999999999638e-01
5.578330000000000233e-01
4.062879999999999825e-01
3.961350000000000149e-01
4.112569999999999837e-01
4.179510000000000169e-01
4.602229999999999932e-01
3.992530000000000245e-01
3.820999999999999952e-01
4.907039999999999735e-01
5.481420000000000181e-01
4.937469999999999914e-01
4.526950000000000141e-01
5.282740000000000213e-01
4.579030000000000045e-01
4.649510000000000032e-01
4.366610000000000213e-01
4.352579999999999782e-01
3.121689999999999743e-01
3.898559999999999803e-01
3.649089999999999834e-01
2.822700000000000209e-01
3.211080000000000045e-01
2.957440000000000069e-01
3.481659999999999755e-01
3.739410000000000234e-01
3.770700000000000163e-01
4.141270000000000229e-01
4.292380000000000084e-01
3.983389999999999986e-01
3.793540000000000245e-01
4.529039999999999733e-01
4.181529999999999969e-01
4.754570000000000185e-01
4.058339999999999725e-01
4.501229999999999953e-01
4.957230000000000247e-01
4.259209999999999940e-01
4.433000000000000274e-01
3.961799999999999766e-01
4.179340000000000277e-01
3.796970000000000067e-01
3.918050000000000144e-01
3.510690000000000199e-01
4.367389999999999883e-01
4.653269999999999906e-01
3.651829999999999798e-01
3.891350000000000087e-01
3.689569999999999794e-01
3.844029999999999947e-01
3.607130000000000059e-01
3.945870000000000211e-01
3.706639999999999935e-01
3.558140000000000192e-01
3.540650000000000186e-01
3.691610000000000169e-01
3.578850000000000087e-01
3.598529999999999784e-01
3.750640000000000085e-01
3.090149999999999841e-01
3.714970000000000216e-01
4.690110000000000112e-01
3.727519999999999722e-01
4.129869999999999930e-01
3.451440000000000063e-01
3.862039999999999917e-01
3.480159999999999920e-01
3.323269999999999835e-01
3.037819999999999965e-01
3.146160000000000068e-01
4.547120000000000051e-01
4.411530000000000173e-01
4.738820000000000254e-01
4.433420000000000138e-01
5.387960000000000527e-01
4.419310000000000183e-01
4.118430000000000146e-01
3.858059999999999823e-01
3.761079999999999979e-01
4.764749999999999819e-01
4.582780000000000187e-01
3.819660000000000277e-01
3.468870000000000009e-01
4.353819999999999912e-01
4.539690000000000114e-01
3.858380000000000143e-01
3.874810000000000199e-01
3.404800000000000049e-01
3.358289999999999886e-01
3.424090000000000189e-01
3.122389999999999888e-01
4.696259999999999879e-01
4.052140000000000186e-01
3.597259999999999902e-01
4.077689999999999926e-01
5.251409999999999689e-01
4.778979999999999895e-01
5.230900000000000549e-01
4.060460000000000180e-01
3.509419999999999762e-01
3.330879999999999952e-01
3.296049999999999813e-01
3.232220000000000093e-01
3.671860000000000124e-01
3.667150000000000132e-01
3.400980000000000114e-01
3.206490000000000173e-01
3.437930000000000152e-01
4.109869999999999912e-01
4.177790000000000115e-01
3.989489999999999981e-01
3.415909999999999780e-01
4.601120000000000210e-01
5.413449999999999651e-01
4.761699999999999822e-01
4.388210000000000166e-01
4.069780000000000064e-01
3.961500000000000021e-01
3.905970000000000275e-01
3.971930000000000183e-01
