4.463210000000000233e-01
4.598450000000000037e-01
4.152159999999999740e-01
4.285080000000000000e-01
5.022720000000000518e-01
5.303620000000000001e-01
4.265900000000000247e-01
3.209640000000000271e-01
3.693069999999999964e-01
4.228129999999999944e-01
4.796469999999999900e-01
4.444110000000000005e-01
4.728430000000000133e-01
4.884169999999999900e-01
4.565330000000000221e-01
4.365840000000000276e-01
3.547679999999999723e-01
3.717070000000000096e-01
4.350669999999999815e-01
5.374240000000000128e-01
5.698029999999999484e-01
5.517630000000000035e-01
5.236410000000000231e-01
4.938020000000000187e-01
3.966700000000000226e-01
3.722639999999999838e-01
4.352650000000000130e-01
4.739470000000000072e-01
4.584219999999999962e-01
4.911460000000000270e-01
3.748750000000000138e-01
5.035500000000000531e-01
4.524929999999999786e-01
4.785510000000000042e-01
4.213549999999999796e-01
4.463409999999999878e-01
5.332620000000000138e-01
5.714409999999999767e-01
4.060810000000000253e-01
4.147660000000000236e-01
4.083450000000000135e-01
4.825679999999999970e-01
4.252020000000000244e-01
5.111099999999999532e-01
4.149269999999999903e-01
4.064729999999999732e-01
4.778129999999999877e-01
5.372909999999999631e-01
5.312839999999999785e-01
4.933589999999999920e-01
5.525660000000000016e-01
5.026629999999999709e-01
5.486900000000000110e-01
5.094689999999999497e-01
4.590699999999999781e-01
4.352249999999999730e-01
4.123189999999999911e-01
4.011899999999999911e-01
3.691400000000000237e-01
4.156909999999999772e-01
4.548760000000000026e-01
4.206170000000000186e-01
5.049280000000000435e-01
4.656049999999999911e-01
4.018260000000000165e-01
4.221710000000000185e-01
3.865810000000000080e-01
4.592649999999999788e-01
4.674639999999999906e-01
4.933150000000000035e-01
4.554520000000000235e-01
4.822190000000000087e-01
4.663930000000000020e-01
3.517950000000000244e-01
4.459080000000000266e-01
6.205310000000000548e-01
5.085499999999999465e-01
3.764859999999999873e-01
3.773750000000000160e-01
4.549309999999999743e-01
3.923789999999999778e-01
4.632709999999999884e-01
4.592229999999999923e-01
5.343259999999999676e-01
5.332200000000000273e-01
5.410220000000000029e-01
5.144499999999999629e-01
5.106680000000000108e-01
4.505080000000000195e-01
4.345550000000000246e-01
5.033699999999999841e-01
5.309819999999999540e-01
4.120809999999999751e-01
4.074909999999999921e-01
3.954500000000000237e-01
4.447130000000000249e-01
4.705010000000000026e-01
4.098930000000000073e-01
4.696850000000000191e-01
5.091379999999999795e-01
4.172870000000000190e-01
3.677540000000000253e-01
4.106790000000000163e-01
5.004220000000000335e-01
6.589099999999999957e-01
5.081790000000000473e-01
4.659730000000000261e-01
4.800559999999999827e-01
4.529170000000000140e-01
4.097890000000000144e-01
4.671719999999999762e-01
4.128669999999999840e-01
4.134550000000000169e-01
3.787980000000000236e-01
3.860680000000000223e-01
4.158020000000000049e-01
4.553809999999999802e-01
3.857880000000000198e-01
4.302329999999999766e-01
4.873080000000000189e-01
5.445569999999999578e-01
5.001020000000000465e-01
3.625369999999999981e-01
4.205969999999999986e-01
4.124010000000000176e-01
4.642270000000000008e-01
5.091790000000000482e-01
5.130609999999999893e-01
4.591689999999999938e-01
4.931800000000000073e-01
5.207500000000000462e-01
4.349850000000000105e-01
3.841319999999999735e-01
4.294629999999999836e-01
4.013149999999999773e-01
4.406590000000000229e-01
3.850480000000000014e-01
3.996629999999999905e-01
3.692289999999999739e-01
4.624340000000000117e-01
5.046929999999999472e-01
4.475830000000000086e-01
4.567320000000000269e-01
4.611020000000000119e-01
4.567459999999999853e-01
4.364299999999999846e-01
3.955409999999999759e-01
4.444009999999999905e-01
4.263350000000000195e-01
4.178549999999999764e-01
5.367150000000000531e-01
5.664130000000000553e-01
4.188999999999999946e-01
4.510950000000000237e-01
4.690630000000000077e-01
3.967410000000000103e-01
3.686400000000000232e-01
3.618950000000000222e-01
4.941499999999999782e-01
4.451109999999999789e-01
4.344589999999999841e-01
5.301080000000000236e-01
5.411240000000000494e-01
4.838470000000000271e-01
4.191849999999999743e-01
3.784710000000000019e-01
3.863360000000000127e-01
3.532089999999999952e-01
3.825959999999999916e-01
4.610099999999999754e-01
4.948250000000000148e-01
6.023100000000000120e-01
5.775010000000000421e-01
5.405069999999999597e-01
5.364889999999999937e-01
5.542569999999999997e-01
4.842270000000000185e-01
3.387330000000000063e-01
4.468679999999999874e-01
4.158890000000000087e-01
3.942300000000000249e-01
3.963229999999999809e-01
4.224260000000000237e-01
3.466710000000000069e-01
4.161380000000000079e-01
3.580220000000000069e-01
4.142390000000000239e-01
5.167190000000000394e-01
5.871129999999999960e-01
5.002839999999999510e-01
4.148620000000000085e-01
4.649789999999999757e-01
4.252960000000000074e-01
5.511869999999999825e-01
4.645639999999999770e-01
4.306320000000000148e-01
5.074929999999999719e-01
4.372820000000000040e-01
4.578229999999999800e-01
