0.506528
0.542829
0.487927
0.528096
0.460692
0.405514
0.479323
0.544139
0.548345
0.658172
0.57681
0.581685
0.507158
0.481433
0.456115
0.534034
0.55172
0.456421
0.482862
0.424988
0.497583
0.463291
0.57238
0.515282
0.495043
0.491661
0.536713
0.518606
0.473332
0.551701
0.555025
0.547498
0.644497
0.685811
0.583992
0.558778
0.497318
0.444154
0.472077
0.546747
0.585224
0.515514
0.502958
0.644432
0.77732
0.650895
0.550087
0.500709
0.517994
0.549533
0.512325
0.493806
0.50565
0.469747
0.506356
0.496261
0.469525
0.51859
0.590379
0.49689
0.479892
0.497073
0.532461
0.498229
0.505318
0.509827
0.470769
0.411529
0.51158
0.601357
0.512756
0.418393
0.498333
0.423829
0.439924
0.430638
0.490696
0.443348
0.569523
0.49302
0.509786
0.586518
0.587046
0.558895
0.597064
0.57048
0.377491
0.448206
0.523911
0.550523
0.647009
0.601875
0.549921
0.493222
0.527102
0.571014
0.452278
0.503158
0.586151
0.563705
0.526121
0.510283
0.479665
0.443264
0.441211
0.524567
0.583967
0.632185
0.548404
0.468474
0.508765
0.502263
0.584048
0.833081
0.670662
0.63022
0.558854
0.466552
0.45725
0.495453
0.50772
0.585348
0.636817
0.517356
0.474209
0.573894
0.58732
0.540711
0.52088
0.498158
0.416547
0.460223
0.63564
0.569462
0.482641
0.449104
0.487522
0.498298
0.536868
0.491443
0.491668
0.613256
0.545265
0.520441
0.459062
0.491609
0.48421
0.554409
0.659602
0.629729
0.518606
0.536289
0.562812
0.533948
0.537413
0.583773
0.580412
0.565369
0.549372
0.512373
0.470106
0.398842
0.518382
0.60403
0.540034
0.532873
0.528445
0.431166
0.485498
0.561683
0.538079
0.531995
0.485433
0.467816
0.557472
0.597805
0.542507
0.77413
0.786849
0.752235
0.629358
0.544761
0.62875
0.623346
0.559061
0.526119
0.560741
0.592004
0.803195
0.728977
0.713126
0.62973
0.560208
0.585766
0.54588
0.62984
0.541264
0.565269
0.488906
11.5788
0.446321
0.459845
0.415216
0.428508
0.502272
0.530362
0.42659
0.320964
0.369307
0.422813
0.479647
0.444411
0.472843
0.488417
0.456533
0.436584
0.354768
0.371707
0.435067
0.537424
0.569803
0.551763
0.523641
0.493802
0.39667
0.372264
0.435265
0.473947
0.458422
0.491146
0.374875
0.50355
0.452493
0.478551
0.421355
0.446341
0.533262
0.571441
0.406081
0.414766
0.408345
0.482568
0.425202
0.51111
0.414927
0.406473
0.477813
0.537291
0.531284
0.493359
0.552566
0.502663
0.54869
0.509469
0.45907
0.435225
0.412319
0.40119
0.36914
0.415691
0.454876
0.420617
0.504928
0.465605
0.401826
0.422171
0.386581
0.459265
0.467464
0.493315
0.455452
0.482219
0.466393
0.351795
0.445908
0.620531
0.50855
0.376486
0.377375
0.454931
0.392379
0.463271
0.459223
0.534326
0.53322
0.541022
0.51445
0.510668
0.450508
0.434555
0.50337
0.530982
0.412081
0.407491
0.39545
0.444713
0.470501
0.409893
0.469685
0.509138
0.417287
0.367754
0.410679
0.500422
0.65891
0.508179
0.465973
0.480056
0.452917
0.409789
0.467172
0.412867
0.413455
0.378798
0.386068
0.415802
0.455381
0.385788
0.430233
0.487308
0.544557
0.500102
0.362537
0.420597
0.412401
0.464227
0.509179
0.513061
0.459169
0.49318
0.52075
0.434985
0.384132
0.429463
0.401315
0.440659
0.385048
0.399663
0.369229
0.462434
0.504693
0.447583
0.456732
0.461102
0.456746
0.43643
0.395541
0.444401
0.426335
0.417855
0.536715
0.566413
0.4189
0.451095
0.469063
0.396741
0.36864
0.361895
0.49415
0.445111
0.434459
0.530108
0.541124
0.483847
0.419185
0.378471
0.386336
0.353209
0.382596
0.46101
0.494825
0.60231
0.577501
0.540507
0.536489
0.554257
0.484227
0.338733
0.446868
0.415889
0.39423
0.396323
0.422426
0.346671
0.416138
0.358022
0.414239
0.516719
0.587113
0.500284
0.414862
0.464979
0.425296
0.551187
0.464564
0.430632
0.507493
0.437282
0.457823
