5.065279999999999783e-01
5.428290000000000060e-01
4.879269999999999996e-01
5.280960000000000099e-01
4.606919999999999904e-01
4.055139999999999856e-01
4.793229999999999991e-01
5.441390000000000393e-01
5.483449999999999713e-01
6.581719999999999793e-01
5.768100000000000449e-01
5.816850000000000076e-01
5.071579999999999977e-01
4.814329999999999998e-01
4.561149999999999927e-01
5.340340000000000087e-01
5.517199999999999882e-01
4.564210000000000211e-01
4.828620000000000134e-01
4.249879999999999769e-01
4.975829999999999975e-01
4.632910000000000084e-01
5.723799999999999999e-01
5.152820000000000178e-01
4.950430000000000108e-01
4.916610000000000147e-01
5.367129999999999956e-01
5.186060000000000114e-01
4.733319999999999750e-01
5.517009999999999970e-01
5.550249999999999906e-01
5.474980000000000402e-01
6.444969999999999866e-01
6.858109999999999484e-01
5.839919999999999556e-01
5.587779999999999969e-01
4.973179999999999823e-01
4.441539999999999933e-01
4.720770000000000244e-01
5.467469999999999830e-01
5.852239999999999664e-01
5.155140000000000278e-01
5.029580000000000162e-01
6.444320000000000048e-01
7.773200000000000109e-01
6.508950000000000014e-01
5.500869999999999926e-01
5.007089999999999597e-01
5.179939999999999545e-01
5.495330000000000492e-01
5.123250000000000304e-01
4.938060000000000227e-01
5.056500000000000439e-01
4.697470000000000256e-01
5.063560000000000283e-01
4.962610000000000077e-01
4.695250000000000257e-01
5.185899999999999954e-01
5.903789999999999871e-01
4.968899999999999983e-01
4.798919999999999852e-01
4.970729999999999871e-01
5.324609999999999621e-01
4.982289999999999774e-01
5.053180000000000449e-01
5.098270000000000302e-01
4.707689999999999930e-01
4.115289999999999782e-01
5.115800000000000347e-01
6.013570000000000304e-01
5.127559999999999896e-01
4.183930000000000149e-01
4.983330000000000259e-01
4.238290000000000113e-01
4.399239999999999817e-01
4.306380000000000208e-01
4.906960000000000210e-01
4.433480000000000198e-01
5.695230000000000015e-01
4.930200000000000138e-01
5.097859999999999614e-01
5.865179999999999838e-01
5.870459999999999567e-01
5.588950000000000307e-01
5.970640000000000391e-01
5.704799999999999871e-01
3.774910000000000210e-01
4.482059999999999933e-01
5.239110000000000156e-01
5.505229999999999846e-01
6.470089999999999453e-01
6.018750000000000488e-01
5.499209999999999932e-01
4.932219999999999938e-01
5.271019999999999595e-01
5.710140000000000216e-01
4.522780000000000133e-01
5.031579999999999941e-01
5.861509999999999776e-01
5.637050000000000116e-01
5.261209999999999498e-01
5.102830000000000421e-01
4.796650000000000080e-01
4.432639999999999914e-01
4.412110000000000198e-01
5.245670000000000055e-01
5.839670000000000138e-01
6.321849999999999969e-01
5.484040000000000026e-01
4.684740000000000015e-01
5.087650000000000228e-01
5.022630000000000150e-01
5.840480000000000116e-01
8.330809999999999604e-01
6.706619999999999804e-01
6.302200000000000024e-01
5.588539999999999619e-01
4.665520000000000223e-01
4.572499999999999898e-01
4.954529999999999768e-01
5.077199999999999491e-01
5.853479999999999794e-01
6.368169999999999664e-01
5.173560000000000381e-01
4.742089999999999916e-01
5.738940000000000152e-01
5.873199999999999532e-01
5.407110000000000527e-01
5.208800000000000097e-01
4.981579999999999897e-01
4.165470000000000006e-01
4.602229999999999932e-01
6.356399999999999828e-01
5.694620000000000237e-01
4.826409999999999867e-01
4.491040000000000032e-01
4.875220000000000109e-01
4.982980000000000187e-01
5.368680000000000119e-01
4.914430000000000187e-01
4.916679999999999939e-01
6.132560000000000233e-01
5.452649999999999997e-01
5.204410000000000425e-01
4.590620000000000256e-01
4.916090000000000182e-01
4.842099999999999738e-01
5.544090000000000407e-01
6.596020000000000216e-01
6.297289999999999832e-01
5.186060000000000114e-01
5.362890000000000157e-01
5.628119999999999790e-01
5.339479999999999782e-01
5.374130000000000296e-01
5.837729999999999864e-01
5.804120000000000390e-01
5.653690000000000104e-01
5.493719999999999715e-01
5.123729999999999674e-01
4.701060000000000239e-01
3.988419999999999743e-01
5.183820000000000094e-01
6.040299999999999558e-01
5.400340000000000140e-01
5.328730000000000411e-01
5.284450000000000536e-01
4.311659999999999937e-01
4.854979999999999851e-01
5.616830000000000434e-01
5.380789999999999740e-01
5.319949999999999957e-01
4.854330000000000034e-01
4.678160000000000096e-01
5.574719999999999676e-01
5.978050000000000308e-01
5.425069999999999615e-01
7.741299999999999848e-01
7.868490000000000206e-01
7.522349999999999870e-01
6.293579999999999730e-01
5.447610000000000507e-01
6.287500000000000311e-01
6.233459999999999557e-01
5.590610000000000301e-01
5.261190000000000033e-01
5.607410000000000450e-01
5.920039999999999747e-01
8.031949999999999923e-01
7.289769999999999861e-01
7.131260000000000376e-01
6.297300000000000120e-01
5.602080000000000393e-01
5.857660000000000089e-01
5.458800000000000319e-01
6.298399999999999554e-01
5.412639999999999674e-01
5.652690000000000214e-01
4.889060000000000072e-01
