0.689415
0.617318
0.718354
0.817839
0.837992
0.677154
0.628237
0.579916
0.777943
0.6793
0.730015
0.73537
0.797895
0.75844
0.601875
0.614973
0.675505
0.59399
0.557155
0.675528
0.585061
0.580132
0.648634
0.562468
0.516441
0.532915
0.612337
0.516325
0.513482
0.618553
0.518073
0.481948
0.421724
0.516553
0.54822
0.553191
0.555163
0.602361
0.61454
0.570752
0.653315
0.606341
0.515659
0.615139
0.639764
0.619157
0.550531
0.613051
0.685077
0.607663
0.5352
0.460668
0.674821
0.691956
0.577921
0.63091
0.51912
0.597208
0.641332
0.689302
0.774508
0.663933
0.794383
0.725381
0.628505
0.555922
0.701464
0.677189
0.704026
0.67758
0.641378
0.531329
0.549078
0.509497
0.499637
0.446224
0.515893
0.549155
0.597635
0.620477
0.513819
0.534394
0.561395
0.519017
0.676197
0.608068
0.711884
0.781165
0.752454
0.738564
0.747113
0.713358
0.700123
0.71009
0.698511
0.786058
0.911102
0.768113
0.694188
0.613459
0.580586
0.623482
0.637268
0.687211
0.769809
0.703214
0.693808
0.785932
0.711057
0.711292
0.695829
0.602538
0.642869
0.62171
0.537448
0.668897
0.720983
0.767385
0.665686
0.598359
0.553854
0.527136
0.650091
0.586045
0.543456
0.556418
0.630029
0.761848
0.678065
0.615099
0.782183
0.789558
0.677591
0.784328
0.832633
0.874796
0.756824
0.717654
0.633685
0.7146
0.712245
0.776181
0.774548
0.716422
0.681848
0.793287
0.917227
0.829265
0.796633
0.830036
0.576456
0.595044
0.641679
0.661941
0.590674
0.54257
0.60053
0.572304
0.615881
0.512141
0.56889
0.599586
0.535245
0.664348
0.584334
0.564908
0.613379
0.486474
0.520917
0.630245
0.538565
0.537749
0.61384
0.668067
0.629918
0.615786
0.618561
0.582005
0.544648
0.657322
0.633346
0.622741
0.693354
0.632277
0.765765
0.723366
0.663813
0.6562
0.695356
0.667695
0.708274
0.644085
0.604988
0.77679
0.773804
0.776405
0.850103
0.787842
0.714802
10.3434
0.553277
0.487711
0.471331
0.617249
0.56119
0.589734
0.561565
0.653937
0.488975
0.477504
0.450596
0.467363
0.430765
0.380578
0.401714
0.435537
0.494283
0.487165
0.457328
0.487767
0.630759
0.538296
0.615227
0.571588
0.556391
0.514196
0.528851
0.607252
0.604831
0.607763
0.832446
0.878183
0.916285
0.77896
0.625218
0.457583
0.599882
0.528629
0.465767
0.483797
0.443367
0.50672
0.48943
0.564541
0.540396
0.423123
0.437833
0.49153
0.715684
0.608028
0.625253
0.517272
0.538856
0.54974
0.525561
0.471724
0.428335
0.404186
0.442384
0.492768
0.540648
0.708708
0.7191
0.575115
0.495583
0.401462
0.396299
0.471157
0.3841
0.485741
0.527113
0.579337
0.529161
0.517847
0.524011
0.483784
0.501601
0.568865
0.569518
0.567423
0.464744
0.495685
0.50077
0.509864
0.52597
0.63109
0.525375
0.511388
0.485946
0.504551
0.471991
0.497117
0.481138
0.53885
0.497936
0.536533
0.642715
0.628739
0.755126
0.846742
0.826867
0.633078
0.64118
0.555901
0.739666
0.694147
0.576149
0.462921
0.504293
0.501965
0.663716
1.1914
0.771297
0.837948
0.752437
0.859626
0.7345
0.565975
0.672581
0.849702
0.889444
0.718088
0.701019
0.611493
0.615124
0.575032
0.891544
0.904926
1.02668
0.804362
0.691388
0.639535
0.60208
0.608762
0.535369
0.548863
0.465825
0.595066
0.788173
1.15436
1.30149
0.815349
0.609809
0.777816
0.702815
0.793789
0.906594
0.994722
0.815241
0.70751
0.711044
1.29009
1.69679
2.07399
1.2238
0.855474
0.615547
0.64968
0.871426
0.789357
0.674595
0.674733
0.708035
0.731871
0.512994
0.528
0.635424
0.659501
0.65203
0.575603
0.572794
0.641623
0.7844
0.70101
0.980186
0.718525
0.872631
1.69017
1.91216
1.62925
1.05919
0.881811
0.753125
0.818001
0.692934
0.581093
0.610306
0.720641
0.738471
0.686971
0.647684
0.610587
0.525485
0.587406
0.503052
0.463452
0.482554
0.645647
0.697879
