6.894150000000000000e-01
6.173180000000000334e-01
7.183540000000000481e-01
8.178389999999999826e-01
8.379919999999999591e-01
6.771540000000000337e-01
6.282370000000000454e-01
5.799159999999999870e-01
7.779430000000000511e-01
6.793000000000000149e-01
7.300149999999999695e-01
7.353699999999999681e-01
7.978950000000000209e-01
7.584400000000000031e-01
6.018750000000000488e-01
6.149729999999999919e-01
6.755050000000000221e-01
5.939900000000000180e-01
5.571549999999999558e-01
6.755280000000000173e-01
5.850610000000000532e-01
5.801319999999999810e-01
6.486340000000000439e-01
5.624679999999999680e-01
5.164410000000000389e-01
5.329150000000000276e-01
6.123370000000000202e-01
5.163250000000000339e-01
5.134819999999999940e-01
6.185530000000000195e-01
5.180730000000000057e-01
4.819479999999999875e-01
4.217239999999999878e-01
5.165530000000000399e-01
5.482200000000000406e-01
5.531909999999999883e-01
5.551629999999999621e-01
6.023610000000000353e-01
6.145399999999999752e-01
5.707520000000000371e-01
6.533149999999999791e-01
6.063410000000000188e-01
5.156589999999999785e-01
6.151389999999999914e-01
6.397639999999999993e-01
6.191569999999999574e-01
5.505309999999999926e-01
6.130510000000000126e-01
6.850770000000000470e-01
6.076629999999999532e-01
5.352000000000000091e-01
4.606680000000000219e-01
6.748210000000000042e-01
6.919560000000000155e-01
5.779210000000000180e-01
6.309099999999999708e-01
5.191200000000000259e-01
5.972079999999999611e-01
6.413320000000000132e-01
6.893019999999999703e-01
7.745079999999999742e-01
6.639329999999999954e-01
7.943829999999999503e-01
7.253810000000000535e-01
6.285049999999999804e-01
5.559220000000000272e-01
7.014639999999999764e-01
6.771890000000000409e-01
7.040260000000000407e-01
6.775799999999999601e-01
6.413780000000000037e-01
5.313290000000000513e-01
5.490779999999999550e-01
5.094969999999999777e-01
4.996369999999999978e-01
4.462240000000000095e-01
5.158930000000000460e-01
5.491549999999999487e-01
5.976350000000000273e-01
6.204769999999999452e-01
5.138190000000000257e-01
5.343940000000000357e-01
5.613949999999999774e-01
5.190169999999999506e-01
6.761970000000000480e-01
6.080680000000000529e-01
7.118839999999999613e-01
7.811649999999999983e-01
7.524539999999999562e-01
7.385639999999999983e-01
7.471130000000000271e-01
7.133580000000000476e-01
7.001230000000000508e-01
7.100899999999999990e-01
6.985109999999999930e-01
7.860580000000000345e-01
9.111019999999999675e-01
7.681130000000000457e-01
6.941880000000000273e-01
6.134589999999999765e-01
5.805860000000000465e-01
6.234819999999999807e-01
6.372679999999999456e-01
6.872110000000000163e-01
7.698089999999999655e-01
7.032140000000000057e-01
6.938079999999999803e-01
7.859319999999999640e-01
7.110570000000000501e-01
7.112920000000000353e-01
6.958290000000000308e-01
6.025380000000000180e-01
6.428690000000000238e-01
6.217099999999999849e-01
5.374480000000000368e-01
6.688969999999999638e-01
7.209830000000000405e-01
7.673849999999999838e-01
6.656859999999999999e-01
5.983589999999999742e-01
5.538539999999999575e-01
5.271360000000000490e-01
6.500909999999999744e-01
5.860450000000000381e-01
5.434560000000000501e-01
5.564179999999999682e-01
6.300289999999999502e-01
7.618479999999999697e-01
6.780650000000000288e-01
6.150989999999999513e-01
7.821829999999999616e-01
7.895579999999999821e-01
6.775910000000000544e-01
7.843280000000000252e-01
8.326329999999999565e-01
8.747960000000000180e-01
7.568240000000000522e-01
7.176540000000000141e-01
6.336850000000000538e-01
7.146000000000000130e-01
7.122450000000000170e-01
7.761810000000000098e-01
7.745480000000000143e-01
7.164220000000000033e-01
6.818480000000000096e-01
7.932869999999999644e-01
9.172270000000000145e-01
8.292650000000000299e-01
7.966330000000000355e-01
8.300359999999999960e-01
5.764559999999999684e-01
5.950440000000000174e-01
6.416789999999999994e-01
6.619410000000000016e-01
5.906740000000000324e-01
5.425699999999999967e-01
6.005300000000000082e-01
5.723040000000000349e-01
6.158810000000000118e-01
5.121409999999999574e-01
5.688900000000000068e-01
5.995859999999999523e-01
5.352449999999999708e-01
6.643480000000000496e-01
5.843340000000000201e-01
5.649079999999999657e-01
6.133790000000000076e-01
4.864740000000000175e-01
5.209169999999999634e-01
6.302450000000000552e-01
5.385649999999999604e-01
5.377490000000000325e-01
6.138400000000000523e-01
6.680669999999999664e-01
6.299179999999999779e-01
6.157859999999999445e-01
6.185610000000000275e-01
5.820049999999999946e-01
5.446480000000000210e-01
6.573219999999999619e-01
6.333459999999999646e-01
6.227409999999999890e-01
6.933540000000000258e-01
6.322769999999999779e-01
7.657650000000000290e-01
7.233659999999999535e-01
6.638129999999999864e-01
6.562000000000000055e-01
6.953559999999999741e-01
6.676950000000000385e-01
7.082739999999999592e-01
6.440850000000000186e-01
6.049879999999999702e-01
7.767899999999999805e-01
7.738040000000000473e-01
7.764050000000000118e-01
8.501030000000000530e-01
7.878420000000000423e-01
7.148020000000000485e-01
