5.532770000000000188e-01
4.877110000000000056e-01
4.713310000000000000e-01
6.172490000000000476e-01
5.611899999999999666e-01
5.897339999999999804e-01
5.615649999999999809e-01
6.539369999999999905e-01
4.889749999999999930e-01
4.775039999999999840e-01
4.505959999999999965e-01
4.673629999999999729e-01
4.307650000000000090e-01
3.805780000000000274e-01
4.017140000000000155e-01
4.355370000000000075e-01
4.942829999999999724e-01
4.871650000000000147e-01
4.573280000000000123e-01
4.877670000000000061e-01
6.307589999999999586e-01
5.382959999999999967e-01
6.152269999999999683e-01
5.715879999999999850e-01
5.563909999999999689e-01
5.141959999999999864e-01
5.288509999999999600e-01
6.072520000000000140e-01
6.048310000000000075e-01
6.077630000000000532e-01
8.324460000000000193e-01
8.781830000000000469e-01
9.162850000000000161e-01
7.789599999999999858e-01
6.252180000000000515e-01
4.575830000000000175e-01
5.998820000000000263e-01
5.286290000000000155e-01
4.657669999999999866e-01
4.837969999999999771e-01
4.433670000000000111e-01
5.067199999999999482e-01
4.894299999999999762e-01
5.645409999999999595e-01
5.403959999999999875e-01
4.231230000000000269e-01
4.378330000000000277e-01
4.915300000000000225e-01
7.156839999999999868e-01
6.080280000000000129e-01
6.252529999999999477e-01
5.172719999999999541e-01
5.388560000000000016e-01
5.497400000000000064e-01
5.255609999999999449e-01
4.717239999999999767e-01
4.283350000000000213e-01
4.041859999999999897e-01
4.423839999999999995e-01
4.927679999999999838e-01
5.406480000000000175e-01
7.087080000000000046e-01
7.190999999999999615e-01
5.751150000000000428e-01
4.955829999999999957e-01
4.014619999999999855e-01
3.962990000000000124e-01
4.711569999999999925e-01
3.840999999999999970e-01
4.857409999999999783e-01
5.271130000000000537e-01
5.793369999999999909e-01
5.291609999999999925e-01
5.178469999999999462e-01
5.240110000000000046e-01
4.837839999999999918e-01
5.016009999999999636e-01
5.688649999999999540e-01
5.695179999999999687e-01
5.674230000000000107e-01
4.647439999999999904e-01
4.956849999999999867e-01
5.007700000000000484e-01
5.098639999999999839e-01
5.259700000000000486e-01
6.310900000000000398e-01
5.253750000000000364e-01
5.113879999999999537e-01
4.859459999999999891e-01
5.045509999999999717e-01
4.719909999999999939e-01
4.971169999999999756e-01
4.811380000000000101e-01
5.388500000000000512e-01
4.979359999999999897e-01
5.365330000000000377e-01
6.427150000000000363e-01
6.287390000000000478e-01
7.551259999999999639e-01
8.467419999999999947e-01
8.268670000000000186e-01
6.330780000000000296e-01
6.411799999999999722e-01
5.559009999999999785e-01
7.396660000000000457e-01
6.941469999999999585e-01
5.761490000000000222e-01
4.629210000000000269e-01
5.042929999999999913e-01
5.019649999999999945e-01
6.637159999999999727e-01
1.191400000000000015e+00
7.712970000000000104e-01
8.379480000000000262e-01
7.524370000000000225e-01
8.596260000000000012e-01
7.345000000000000417e-01
5.659750000000000059e-01
6.725809999999999844e-01
8.497019999999999573e-01
8.894440000000000124e-01
7.180879999999999486e-01
7.010189999999999477e-01
6.114929999999999533e-01
6.151240000000000041e-01
5.750319999999999876e-01
8.915440000000000031e-01
9.049260000000000081e-01
1.026680000000000037e+00
8.043620000000000214e-01
6.913880000000000026e-01
6.395349999999999646e-01
6.020799999999999486e-01
6.087620000000000253e-01
5.353689999999999838e-01
5.488629999999999898e-01
4.658249999999999891e-01
5.950659999999999838e-01
7.881730000000000125e-01
1.154360000000000053e+00
1.301490000000000036e+00
8.153489999999999904e-01
6.098090000000000455e-01
7.778159999999999519e-01
7.028149999999999675e-01
7.937889999999999668e-01
9.065940000000000110e-01
9.947219999999999951e-01
8.152409999999999934e-01
7.075099999999999723e-01
7.110440000000000094e-01
1.290089999999999959e+00
1.696790000000000020e+00
2.073989999999999778e+00
1.223799999999999999e+00
8.554739999999999567e-01
6.155469999999999553e-01
6.496800000000000352e-01
8.714260000000000339e-01
7.893569999999999753e-01
6.745949999999999447e-01
6.747330000000000272e-01
7.080349999999999699e-01
7.318710000000000493e-01
5.129939999999999500e-01
5.280000000000000249e-01
6.354239999999999888e-01
6.595010000000000039e-01
6.520299999999999985e-01
5.756029999999999758e-01
5.727940000000000254e-01
6.416230000000000544e-01
7.843999999999999861e-01
7.010100000000000220e-01
9.801860000000000017e-01
7.185249999999999693e-01
8.726310000000000455e-01
1.690169999999999950e+00
1.912160000000000082e+00
1.629250000000000087e+00
1.059190000000000076e+00
8.818110000000000115e-01
7.531250000000000444e-01
8.180009999999999781e-01
6.929340000000000499e-01
5.810929999999999707e-01
6.103060000000000151e-01
7.206409999999999760e-01
7.384709999999999885e-01
6.869709999999999983e-01
6.476840000000000375e-01
6.105869999999999909e-01
5.254849999999999799e-01
5.874059999999999837e-01
5.030520000000000547e-01
4.634519999999999751e-01
4.825539999999999830e-01
6.456469999999999709e-01
6.978790000000000271e-01
