0.448048
0.83327
0.634403
0.681386
0.557501
0.462306
0.404124
0.364105
0.512336
0.756917
0.84402
0.524564
0.409732
0.281015
0.245254
0.292047
0.380842
0.320247
0.345528
0.479794
0.757418
0.718731
0.490439
0.472925
0.343682
0.326606
0.331513
0.403344
0.494771
0.691355
0.633778
0.519499
0.445639
0.45099
0.304328
0.263993
0.271222
0.351955
0.411634
0.651916
0.712777
0.932427
0.701034
0.678201
0.406951
0.355063
0.359049
0.704247
0.721329
1.07982
1.18299
1.61914
0.919807
0.627222
0.569719
0.585534
0.610521
0.789086
1.69625
2.03564
2.33735
0.944716
0.678575
1.06042
1.21093
1.18141
1.11913
1.07882
1.11312
0.488964
0.412581
0.449163
0.620463
0.523687
0.474232
0.423302
0.491503
0.831335
1.29414
1.71419
2.08087
2.21676
0.997556
0.522336
0.439293
0.387691
0.356262
0.415993
0.750968
0.890893
0.737791
0.474197
0.365534
0.352038
0.376455
0.354735
0.306789
0.341789
0.430769
0.856698
0.896738
0.687276
0.680929
0.827347
1.44488
1.5811
0.780042
0.499819
0.398183
0.384914
0.364169
0.357398
0.402481
0.411187
0.553375
0.630323
0.600856
0.475973
0.414448
0.389055
0.370083
0.398023
0.458665
0.583463
1.30741
1.01637
1.27429
1.02936
1.83063
1.90803
1.11002
0.537206
0.45065
0.392998
0.297782
0.382722
0.310581
0.311967
0.38351
0.327395
0.347383
0.410516
0.335358
0.406755
0.705389
0.48358
0.535412
0.443569
0.408419
0.311739
0.261805
0.293004
0.353523
0.385155
0.409946
0.437017
0.430808
0.508272
0.639951
1.72135
1.39421
1.10679
0.590105
0.430008
0.418191
0.779439
0.892148
1.11514
0.642721
0.393064
0.375878
0.432541
0.298725
0.327628
0.310876
0.359552
0.481553
1.09
1.06685
0.798599
0.589552
0.383832
0.348197
0.344359
0.333981
0.32774
0.384679
0.328441
0.308265
0.500886
0.676776
0.784234
0.505695
0.431665
0.340895
0.340219
0.340231
0.362634
0.354301
8.78018
0.241279
0.189793
0.226252
0.262684
0.284592
0.280387
0.245008
0.247705
0.263413
0.265059
0.26474
0.247158
0.211093
0.230909
0.309106
0.289612
0.27821
0.271411
0.302329
0.317436
0.252269
0.244275
0.256593
0.214559
0.197634
0.24239
0.251437
0.254142
0.255757
0.263581
0.323259
0.245004
0.223313
0.264535
0.295193
0.29111
0.278814
0.27207
0.198471
0.195822
0.26451
0.28235
0.272032
0.302253
0.249192
0.218172
0.237667
0.300799
0.313539
0.252529
0.344688
0.283507
0.284509
0.232432
0.255188
0.27431
0.268663
0.256452
0.285281
0.265549
0.238628
0.257909
0.293492
0.268481
0.275791
0.250179
0.295081
0.315182
0.267776
0.27311
0.256447
0.255841
0.262094
0.237535
0.266201
0.26103
0.298765
0.266047
0.257025
0.27584
0.240255
0.230928
0.237091
0.234981
0.250202
0.25354
0.246843
0.240525
0.292023
0.331519
0.256783
0.258393
0.267529
0.284314
0.307292
0.268187
0.271632
0.276493
0.267258
0.260723
0.281688
0.250974
0.26791
0.252759
0.29626
0.265258
0.252825
0.278152
0.29622
0.253506
0.239977
0.234582
0.283493
0.312245
0.302869
0.271197
0.238904
0.233996
0.230315
0.224075
0.298997
0.254367
0.26745
0.253539
0.27354
0.251968
0.264575
0.271788
0.253951
0.300388
0.259977
0.232633
0.243268
0.287595
0.335942
0.2777
0.245004
0.26941
0.278098
0.275956
0.254163
0.278168
0.263271
0.28027
0.250128
0.253534
0.222373
0.22412
0.311838
0.278348
0.275939
0.329579
0.287344
0.30159
0.319887
0.284993
0.329639
0.284136
0.267679
0.25883
0.229641
0.222183
0.247596
0.279498
0.256128
0.248992
0.274038
0.264862
0.291217
0.271609
0.279361
0.286712
0.282534
0.269748
0.294572
0.284087
0.27735
0.242822
0.297653
0.26248
0.275128
0.239001
0.250428
0.248574
0.262618
0.258141
0.289634
0.243046
0.232689
0.232714
0.283814
0.300635
0.269369
0.290042
0.305495
0.255307
0.284918
0.257167
0.244808
