2.412789999999999935e-01
1.897929999999999895e-01
2.262520000000000087e-01
2.626839999999999731e-01
2.845920000000000116e-01
2.803869999999999973e-01
2.450080000000000036e-01
2.477050000000000085e-01
2.634130000000000082e-01
2.650589999999999891e-01
2.647399999999999753e-01
2.471579999999999888e-01
2.110930000000000029e-01
2.309090000000000031e-01
3.091059999999999919e-01
2.896119999999999806e-01
2.782100000000000128e-01
2.714110000000000134e-01
3.023290000000000144e-01
3.174359999999999959e-01
2.522690000000000210e-01
2.442749999999999921e-01
2.565930000000000155e-01
2.145589999999999997e-01
1.976340000000000041e-01
2.423899999999999944e-01
2.514370000000000216e-01
2.541419999999999790e-01
2.557570000000000121e-01
2.635810000000000097e-01
3.232590000000000185e-01
2.450039999999999996e-01
2.233130000000000115e-01
2.645350000000000201e-01
2.951929999999999832e-01
2.911099999999999799e-01
2.788140000000000063e-01
2.720699999999999785e-01
1.984710000000000085e-01
1.958219999999999961e-01
2.645100000000000229e-01
2.823499999999999899e-01
2.720319999999999960e-01
3.022529999999999939e-01
2.491919999999999968e-01
2.181720000000000048e-01
2.376669999999999894e-01
3.007989999999999831e-01
3.135390000000000121e-01
2.525290000000000035e-01
3.446879999999999944e-01
2.835070000000000090e-01
2.845090000000000119e-01
2.324319999999999997e-01
2.551880000000000259e-01
2.743099999999999983e-01
2.686629999999999852e-01
2.564520000000000133e-01
2.852810000000000068e-01
2.655489999999999795e-01
2.386280000000000068e-01
2.579089999999999994e-01
2.934919999999999751e-01
2.684810000000000252e-01
2.757910000000000084e-01
2.501789999999999847e-01
2.950809999999999822e-01
3.151820000000000177e-01
2.677760000000000140e-01
2.731100000000000194e-01
2.564469999999999805e-01
2.558409999999999851e-01
2.620939999999999936e-01
2.375349999999999961e-01
2.662010000000000209e-01
2.610299999999999843e-01
2.987650000000000028e-01
2.660469999999999779e-01
2.570250000000000035e-01
2.758399999999999741e-01
2.402549999999999963e-01
2.309279999999999944e-01
2.370909999999999962e-01
2.349809999999999954e-01
2.502019999999999800e-01
2.535399999999999876e-01
2.468430000000000069e-01
2.405249999999999888e-01
2.920229999999999770e-01
3.315190000000000081e-01
2.567829999999999835e-01
2.583929999999999838e-01
2.675290000000000168e-01
2.843140000000000112e-01
3.072920000000000096e-01
2.681870000000000087e-01
2.716319999999999846e-01
2.764929999999999888e-01
2.672579999999999956e-01
2.607229999999999825e-01
2.816879999999999939e-01
2.509739999999999749e-01
2.679099999999999815e-01
2.527590000000000114e-01
2.962600000000000233e-01
2.652579999999999938e-01
2.528250000000000219e-01
2.781520000000000103e-01
2.962199999999999833e-01
2.535060000000000091e-01
2.399769999999999959e-01
2.345820000000000127e-01
2.834929999999999950e-01
3.122449999999999948e-01
3.028689999999999993e-01
2.711970000000000214e-01
2.389040000000000052e-01
2.339960000000000095e-01
2.303149999999999920e-01
2.240749999999999964e-01
2.989970000000000128e-01
2.543670000000000098e-01
2.674500000000000210e-01
2.535390000000000144e-01
2.735400000000000054e-01
2.519680000000000253e-01
2.645750000000000046e-01
2.717879999999999741e-01
2.539509999999999823e-01
3.003879999999999884e-01
2.599770000000000136e-01
2.326330000000000064e-01
2.432680000000000120e-01
2.875949999999999895e-01
3.359420000000000184e-01
2.777000000000000024e-01
2.450039999999999996e-01
2.694099999999999828e-01
2.780980000000000119e-01
2.759559999999999791e-01
2.541629999999999723e-01
2.781680000000000264e-01
2.632709999999999773e-01
2.802700000000000191e-01
2.501280000000000170e-01
2.535339999999999816e-01
2.223729999999999873e-01
2.241200000000000137e-01
3.118380000000000041e-01
2.783479999999999843e-01
2.759389999999999898e-01
3.295790000000000108e-01
2.873439999999999883e-01
3.015900000000000247e-01
3.198869999999999769e-01
2.849929999999999963e-01
3.296390000000000153e-01
2.841359999999999997e-01
2.676790000000000003e-01
2.588300000000000045e-01
2.296410000000000118e-01
2.221829999999999916e-01
2.475960000000000105e-01
2.794980000000000242e-01
2.561280000000000223e-01
2.489919999999999911e-01
2.740380000000000038e-01
2.648619999999999863e-01
2.912170000000000036e-01
2.716089999999999893e-01
2.793610000000000260e-01
2.867120000000000224e-01
2.825340000000000074e-01
2.697479999999999878e-01
2.945720000000000005e-01
2.840869999999999784e-01
2.773499999999999854e-01
2.428220000000000101e-01
2.976530000000000009e-01
2.624799999999999911e-01
2.751279999999999837e-01
2.390009999999999912e-01
2.504279999999999839e-01
2.485739999999999894e-01
2.626180000000000181e-01
2.581410000000000093e-01
2.896340000000000026e-01
2.430460000000000120e-01
2.326890000000000069e-01
2.327140000000000042e-01
2.838140000000000107e-01
3.006349999999999856e-01
2.693690000000000251e-01
2.900420000000000220e-01
3.054950000000000165e-01
2.553070000000000062e-01
2.849180000000000046e-01
2.571669999999999789e-01
2.448079999999999978e-01
