4.480480000000000018e-01
8.332699999999999552e-01
6.344030000000000502e-01
6.813860000000000472e-01
5.575010000000000243e-01
4.623059999999999947e-01
4.041239999999999832e-01
3.641050000000000120e-01
5.123360000000000136e-01
7.569169999999999510e-01
8.440199999999999925e-01
5.245640000000000303e-01
4.097319999999999851e-01
2.810150000000000148e-01
2.452539999999999998e-01
2.920470000000000010e-01
3.808420000000000138e-01
3.202470000000000039e-01
3.455280000000000018e-01
4.797939999999999983e-01
7.574180000000000357e-01
7.187310000000000088e-01
4.904390000000000138e-01
4.729249999999999843e-01
3.436819999999999875e-01
3.266060000000000074e-01
3.315130000000000021e-01
4.033439999999999803e-01
4.947710000000000163e-01
6.913550000000000528e-01
6.337779999999999525e-01
5.194990000000000441e-01
4.456390000000000073e-01
4.509900000000000020e-01
3.043279999999999874e-01
2.639929999999999777e-01
2.712220000000000186e-01
3.519550000000000178e-01
4.116339999999999999e-01
6.519160000000000510e-01
7.127769999999999939e-01
9.324270000000000058e-01
7.010340000000000460e-01
6.782010000000000538e-01
4.069510000000000072e-01
3.550630000000000175e-01
3.590490000000000070e-01
7.042469999999999564e-01
7.213289999999999980e-01
1.079820000000000002e+00
1.182989999999999986e+00
1.619140000000000024e+00
9.198070000000000412e-01
6.272219999999999462e-01
5.697189999999999754e-01
5.855339999999999989e-01
6.105209999999999804e-01
7.890859999999999541e-01
1.696250000000000036e+00
2.035639999999999894e+00
2.337349999999999817e+00
9.447160000000000002e-01
6.785750000000000393e-01
1.060419999999999918e+00
1.210930000000000062e+00
1.181410000000000071e+00
1.119129999999999958e+00
1.078819999999999890e+00
1.113120000000000109e+00
4.889640000000000097e-01
4.125809999999999755e-01
4.491629999999999789e-01
6.204629999999999868e-01
5.236870000000000136e-01
4.742319999999999869e-01
4.233020000000000116e-01
4.915030000000000232e-01
8.313350000000000461e-01
1.294140000000000068e+00
1.714190000000000103e+00
2.080869999999999997e+00
2.216759999999999842e+00
9.975559999999999983e-01
5.223360000000000225e-01
4.392929999999999890e-01
3.876910000000000078e-01
3.562620000000000231e-01
4.159930000000000017e-01
7.509679999999999689e-01
8.908930000000000460e-01
7.377909999999999746e-01
4.741969999999999796e-01
3.655340000000000256e-01
3.520380000000000176e-01
3.764549999999999841e-01
3.547350000000000225e-01
3.067889999999999784e-01
3.417890000000000095e-01
4.307690000000000130e-01
8.566979999999999595e-01
8.967380000000000351e-01
6.872759999999999980e-01
6.809290000000000065e-01
8.273470000000000546e-01
1.444879999999999942e+00
1.581099999999999950e+00
7.800420000000000131e-01
4.998190000000000133e-01
3.981830000000000092e-01
3.849139999999999784e-01
3.641690000000000205e-01
3.573979999999999935e-01
4.024809999999999777e-01
4.111870000000000247e-01
5.533749999999999503e-01
6.303229999999999666e-01
6.008559999999999457e-01
4.759729999999999794e-01
4.144479999999999831e-01
3.890549999999999842e-01
3.700829999999999953e-01
3.980230000000000157e-01
4.586649999999999894e-01
5.834629999999999539e-01
1.307409999999999961e+00
1.016369999999999996e+00
1.274289999999999923e+00
1.029360000000000053e+00
1.830629999999999979e+00
1.908029999999999893e+00
1.110020000000000007e+00
5.372059999999999613e-01
4.506499999999999950e-01
3.929980000000000140e-01
2.977819999999999911e-01
3.827220000000000066e-01
3.105809999999999960e-01
3.119669999999999943e-01
3.835100000000000176e-01
3.273949999999999916e-01
3.473829999999999973e-01
4.105159999999999920e-01
3.353579999999999894e-01
4.067549999999999777e-01
7.053890000000000438e-01
4.835800000000000098e-01
5.354119999999999990e-01
4.435689999999999911e-01
4.084189999999999765e-01
3.117389999999999883e-01
2.618050000000000099e-01
2.930039999999999867e-01
3.535229999999999762e-01
3.851550000000000251e-01
4.099459999999999771e-01
4.370169999999999888e-01
4.308080000000000243e-01
5.082719999999999461e-01
6.399510000000000476e-01
1.721349999999999936e+00
1.394209999999999949e+00
1.106789999999999941e+00
5.901049999999999907e-01
4.300080000000000013e-01
4.181909999999999794e-01
7.794389999999999930e-01
8.921480000000000521e-01
1.115140000000000020e+00
6.427209999999999868e-01
3.930640000000000245e-01
3.758779999999999899e-01
4.325410000000000088e-01
2.987250000000000183e-01
3.276279999999999748e-01
3.108759999999999857e-01
3.595519999999999827e-01
4.815530000000000088e-01
1.090000000000000080e+00
1.066850000000000076e+00
7.985989999999999478e-01
5.895519999999999650e-01
3.838320000000000065e-01
3.481969999999999787e-01
3.443590000000000262e-01
3.339809999999999723e-01
3.277399999999999758e-01
3.846789999999999932e-01
3.284409999999999830e-01
3.082650000000000112e-01
5.008860000000000534e-01
6.767760000000000442e-01
7.842339999999999867e-01
5.056950000000000056e-01
4.316650000000000209e-01
3.408950000000000036e-01
3.402189999999999936e-01
3.402310000000000056e-01
3.626340000000000119e-01
3.543009999999999771e-01
