3.469090000000000229e-01
3.243550000000000044e-01
4.528010000000000090e-01
4.260829999999999895e-01
3.882700000000000040e-01
3.418829999999999925e-01
4.499569999999999959e-01
4.822299999999999920e-01
4.225780000000000092e-01
4.422090000000000187e-01
5.477170000000000094e-01
5.474339999999999762e-01
5.674500000000000099e-01
4.234010000000000273e-01
4.655989999999999851e-01
4.165659999999999918e-01
5.121229999999999949e-01
5.895150000000000112e-01
5.231679999999999664e-01
6.330470000000000264e-01
5.342449999999999699e-01
4.845909999999999940e-01
4.036359999999999948e-01
3.608089999999999908e-01
3.484789999999999832e-01
4.018329999999999957e-01
4.628030000000000199e-01
4.494870000000000254e-01
3.616759999999999975e-01
3.475360000000000116e-01
4.536410000000000164e-01
3.968670000000000253e-01
4.428389999999999826e-01
3.117920000000000136e-01
3.448979999999999824e-01
4.046330000000000204e-01
5.535970000000000057e-01
5.331040000000000223e-01
5.531319999999999570e-01
4.038689999999999780e-01
3.073710000000000053e-01
4.425819999999999754e-01
5.111440000000000428e-01
4.608470000000000066e-01
4.205670000000000242e-01
5.151599999999999513e-01
4.742029999999999856e-01
4.884959999999999858e-01
3.908429999999999960e-01
5.036819999999999631e-01
3.775060000000000082e-01
3.103560000000000207e-01
3.042920000000000069e-01
3.187180000000000013e-01
2.913979999999999904e-01
2.247419999999999973e-01
2.646769999999999956e-01
2.513380000000000059e-01
2.435670000000000057e-01
2.536930000000000018e-01
2.878439999999999888e-01
3.261660000000000115e-01
2.801649999999999974e-01
2.855030000000000068e-01
3.860819999999999808e-01
3.106700000000000017e-01
3.214040000000000230e-01
2.843689999999999829e-01
2.710099999999999731e-01
2.543489999999999918e-01
2.797939999999999872e-01
4.183669999999999889e-01
4.514779999999999904e-01
5.148800000000000043e-01
6.335819999999999785e-01
5.278770000000000406e-01
5.146089999999999831e-01
4.227609999999999979e-01
5.662380000000000191e-01
5.106779999999999653e-01
3.358570000000000166e-01
3.002839999999999954e-01
5.331380000000000008e-01
5.354419999999999735e-01
5.502519999999999634e-01
4.554259999999999975e-01
3.476009999999999933e-01
3.060869999999999980e-01
3.442129999999999912e-01
2.949209999999999887e-01
3.586810000000000276e-01
4.181000000000000272e-01
4.252810000000000201e-01
3.987140000000000128e-01
3.272700000000000053e-01
3.554300000000000237e-01
4.667729999999999935e-01
5.294450000000000545e-01
5.322850000000000081e-01
4.675540000000000251e-01
5.035500000000000531e-01
4.747830000000000106e-01
4.873919999999999919e-01
4.448500000000000232e-01
3.399550000000000072e-01
2.800520000000000231e-01
4.231989999999999919e-01
4.142080000000000206e-01
3.401569999999999871e-01
3.930109999999999992e-01
3.140740000000000198e-01
4.254149999999999876e-01
3.880759999999999765e-01
2.945019999999999860e-01
3.137460000000000249e-01
4.108149999999999857e-01
4.613149999999999751e-01
4.769970000000000043e-01
3.874349999999999739e-01
3.789159999999999751e-01
3.117159999999999931e-01
2.982879999999999976e-01
3.370009999999999950e-01
2.834579999999999878e-01
2.549839999999999884e-01
2.701910000000000145e-01
3.075109999999999788e-01
4.297070000000000056e-01
3.914130000000000109e-01
4.115050000000000097e-01
3.851209999999999911e-01
3.208630000000000093e-01
3.662960000000000105e-01
4.755030000000000090e-01
4.462570000000000148e-01
3.385360000000000036e-01
3.261640000000000095e-01
3.177920000000000189e-01
4.075119999999999854e-01
4.800929999999999920e-01
5.140190000000000037e-01
5.881819999999999826e-01
5.974049999999999638e-01
7.390860000000000207e-01
6.041360000000000063e-01
4.584790000000000254e-01
5.274389999999999912e-01
4.857810000000000183e-01
3.975940000000000030e-01
3.883989999999999942e-01
5.052830000000000377e-01
4.906949999999999923e-01
4.160490000000000022e-01
5.915599999999999747e-01
5.625820000000000265e-01
5.205910000000000259e-01
5.094940000000000024e-01
4.453739999999999921e-01
4.813379999999999881e-01
3.496400000000000063e-01
3.401759999999999784e-01
4.402280000000000082e-01
4.474949999999999761e-01
4.292070000000000052e-01
3.970540000000000180e-01
3.870629999999999904e-01
3.359650000000000136e-01
3.028930000000000233e-01
3.488990000000000147e-01
4.678370000000000029e-01
5.293489999999999585e-01
5.652749999999999719e-01
5.387170000000000014e-01
4.310379999999999767e-01
3.177320000000000144e-01
3.319710000000000161e-01
3.338090000000000224e-01
3.585340000000000193e-01
3.254619999999999735e-01
3.150979999999999892e-01
4.090829999999999744e-01
4.127560000000000118e-01
4.877879999999999994e-01
5.091639999999999500e-01
5.507619999999999738e-01
6.656739999999999879e-01
6.794580000000000064e-01
8.509229999999999849e-01
6.340040000000000120e-01
4.784300000000000219e-01
3.667130000000000112e-01
4.571180000000000243e-01
4.423489999999999922e-01
5.281909999999999661e-01
4.564039999999999764e-01
4.290109999999999757e-01
3.812659999999999938e-01
4.531140000000000168e-01
4.846369999999999845e-01
