1.4137
1.24791
0.598587
0.591952
0.588341
0.607476
0.638787
0.697113
0.616866
0.666797
0.645488
0.528851
0.440657
0.433631
0.504105
0.544461
0.579557
0.58929
0.523911
0.567852
0.506332
0.579326
0.630415
0.701411
0.604749
0.664045
0.645149
0.593089
0.643108
0.718513
0.501155
0.515952
0.511964
0.614841
0.651484
0.564575
0.593396
0.570475
0.575127
0.528421
0.545281
0.563626
0.604705
0.579534
0.466488
0.417389
0.381012
0.472943
0.557066
0.601323
0.632922
0.618032
1.00891
1.46128
1.79219
0.969392
0.69079
0.676407
0.652811
0.549851
0.502952
0.452806
0.476529
0.494534
1.02084
1.02451
0.578282
0.564393
0.613118
0.596584
0.606498
0.637678
0.584116
1.04726
0.906043
0.855553
0.596994
0.562831
0.601549
0.640909
0.572706
0.657718
0.587731
0.555069
0.63902
0.482616
0.529356
0.645134
0.751391
0.988581
0.603844
0.528034
0.524997
0.524091
0.674694
0.661113
0.602831
0.664311
0.56053
0.573715
1.15988
1.14078
1.05644
0.73359
0.636717
0.643927
0.685008
0.79063
0.987406
0.598886
0.633667
0.593911
0.60591
0.493106
0.567747
0.562635
0.476518
0.624764
0.641357
0.685986
0.638261
0.561062
0.653354
0.708076
1.12589
0.745451
0.948398
0.614007
0.521578
0.653723
0.58568
0.657597
0.601325
0.553529
0.601833
0.555372
0.570693
0.522921
0.557883
0.570985
0.518119
0.41539
0.346349
0.516337
0.519071
0.445315
0.449265
0.512844
0.570619
0.626593
0.547046
0.549393
0.491595
0.440254
0.504261
0.586066
0.641329
0.667366
1.42714
1.13658
2.04255
0.883929
0.601795
0.543107
0.480529
0.493909
0.580878
0.628105
0.556898
0.60725
0.608942
0.588568
0.778771
0.752336
0.766225
0.84732
1.07943
1.30763
0.882334
0.693269
0.737998
0.687226
0.610379
0.501862
0.612173
0.546654
0.535633
0.488311
0.558122
0.46982
0.489671
0.343352
0.398106
0.533958
0.582958
0.523957
0.436944
0.391728
0.373525
11.231
0.346909
0.324355
0.452801
0.426083
0.38827
0.341883
0.449957
0.48223
0.422578
0.442209
0.547717
0.547434
0.56745
0.423401
0.465599
0.416566
0.512123
0.589515
0.523168
0.633047
0.534245
0.484591
0.403636
0.360809
0.348479
0.401833
0.462803
0.449487
0.361676
0.347536
0.453641
0.396867
0.442839
0.311792
0.344898
0.404633
0.553597
0.533104
0.553132
0.403869
0.307371
0.442582
0.511144
0.460847
0.420567
0.51516
0.474203
0.488496
0.390843
0.503682
0.377506
0.310356
0.304292
0.318718
0.291398
0.224742
0.264677
0.251338
0.243567
0.253693
0.287844
0.326166
0.280165
0.285503
0.386082
0.31067
0.321404
0.284369
0.27101
0.254349
0.279794
0.418367
0.451478
0.51488
0.633582
0.527877
0.514609
0.422761
0.566238
0.510678
0.335857
0.300284
0.533138
0.535442
0.550252
0.455426
0.347601
0.306087
0.344213
0.294921
0.358681
0.4181
0.425281
0.398714
0.32727
0.35543
0.466773
0.529445
0.532285
0.467554
0.50355
0.474783
0.487392
0.44485
0.339955
0.280052
0.423199
0.414208
0.340157
0.393011
0.314074
0.425415
0.388076
0.294502
0.313746
0.410815
0.461315
0.476997
0.387435
0.378916
0.311716
0.298288
0.337001
0.283458
0.254984
0.270191
0.307511
0.429707
0.391413
0.411505
0.385121
0.320863
0.366296
0.475503
0.446257
0.338536
0.326164
0.317792
0.407512
0.480093
0.514019
0.588182
0.597405
0.739086
0.604136
0.458479
0.527439
0.485781
0.397594
0.388399
0.505283
0.490695
0.416049
0.59156
0.562582
0.520591
0.509494
0.445374
0.481338
0.34964
0.340176
0.440228
0.447495
0.429207
0.397054
0.387063
0.335965
0.302893
0.348899
0.467837
0.529349
0.565275
0.538717
0.431038
0.317732
0.331971
0.333809
0.358534
0.325462
0.315098
0.409083
0.412756
0.487788
0.509164
0.550762
0.665674
0.679458
0.850923
0.634004
0.47843
0.366713
0.457118
0.442349
0.528191
0.456404
0.429011
0.381266
0.453114
0.484637
