1.413699999999999957e+00
1.247910000000000075e+00
5.985869999999999802e-01
5.919520000000000337e-01
5.883410000000000029e-01
6.074760000000000160e-01
6.387869999999999937e-01
6.971129999999999827e-01
6.168660000000000254e-01
6.667969999999999731e-01
6.454879999999999507e-01
5.288509999999999600e-01
4.406570000000000209e-01
4.336309999999999887e-01
5.041050000000000253e-01
5.444609999999999728e-01
5.795569999999999888e-01
5.892899999999999805e-01
5.239110000000000156e-01
5.678520000000000234e-01
5.063320000000000043e-01
5.793260000000000076e-01
6.304149999999999476e-01
7.014110000000000067e-01
6.047489999999999810e-01
6.640449999999999964e-01
6.451489999999999725e-01
5.930889999999999773e-01
6.431080000000000130e-01
7.185129999999999573e-01
5.011550000000000171e-01
5.159519999999999662e-01
5.119639999999999747e-01
6.148409999999999709e-01
6.514839999999999520e-01
5.645750000000000490e-01
5.933960000000000345e-01
5.704749999999999543e-01
5.751270000000000548e-01
5.284210000000000296e-01
5.452810000000000157e-01
5.636259999999999604e-01
6.047050000000000480e-01
5.795339999999999936e-01
4.664880000000000138e-01
4.173890000000000100e-01
3.810120000000000173e-01
4.729430000000000023e-01
5.570659999999999501e-01
6.013230000000000519e-01
6.329219999999999846e-01
6.180320000000000258e-01
1.008909999999999973e+00
1.461279999999999912e+00
1.792189999999999950e+00
9.693920000000000314e-01
6.907900000000000151e-01
6.764069999999999805e-01
6.528110000000000301e-01
5.498509999999999787e-01
5.029519999999999547e-01
4.528059999999999863e-01
4.765289999999999804e-01
4.945339999999999736e-01
1.020839999999999970e+00
1.024510000000000032e+00
5.782819999999999627e-01
5.643930000000000335e-01
6.131180000000000518e-01
5.965840000000000032e-01
6.064979999999999816e-01
6.376779999999999671e-01
5.841159999999999686e-01
1.047260000000000080e+00
9.060430000000000428e-01
8.555530000000000079e-01
5.969940000000000246e-01
5.628309999999999702e-01
6.015490000000000004e-01
6.409089999999999510e-01
5.727060000000000484e-01
6.577180000000000248e-01
5.877310000000000034e-01
5.550690000000000346e-01
6.390200000000000324e-01
4.826159999999999894e-01
5.293560000000000487e-01
6.451339999999999852e-01
7.513910000000000311e-01
9.885810000000000430e-01
6.038440000000000474e-01
5.280340000000000034e-01
5.249970000000000470e-01
5.240909999999999735e-01
6.746940000000000159e-01
6.611129999999999507e-01
6.028310000000000057e-01
6.643109999999999848e-01
5.605299999999999727e-01
5.737149999999999750e-01
1.159880000000000022e+00
1.140779999999999905e+00
1.056440000000000046e+00
7.335899999999999643e-01
6.367169999999999774e-01
6.439270000000000271e-01
6.850079999999999503e-01
7.906300000000000550e-01
9.874060000000000059e-01
5.988860000000000294e-01
6.336669999999999803e-01
5.939109999999999667e-01
6.059099999999999486e-01
4.931059999999999888e-01
5.677470000000000017e-01
5.626349999999999962e-01
4.765179999999999971e-01
6.247639999999999860e-01
6.413569999999999549e-01
6.859859999999999847e-01
6.382609999999999673e-01
5.610619999999999497e-01
6.533539999999999903e-01
7.080760000000000387e-01
1.125890000000000057e+00
7.454509999999999748e-01
9.483979999999999633e-01
6.140069999999999695e-01
5.215779999999999861e-01
6.537230000000000540e-01
5.856799999999999784e-01
6.575969999999999871e-01
6.013249999999999984e-01
5.535290000000000488e-01
6.018329999999999513e-01
5.553719999999999768e-01
5.706930000000000058e-01
5.229209999999999692e-01
5.578830000000000178e-01
5.709849999999999648e-01
5.181189999999999962e-01
4.153899999999999815e-01
3.463490000000000180e-01
5.163370000000000459e-01
5.190709999999999491e-01
4.453150000000000164e-01
4.492650000000000254e-01
5.128439999999999666e-01
5.706189999999999873e-01
6.265929999999999556e-01
5.470460000000000322e-01
5.493930000000000202e-01
4.915950000000000042e-01
4.402539999999999787e-01
5.042609999999999593e-01
5.860659999999999759e-01
6.413290000000000379e-01
6.673660000000000148e-01
1.427140000000000075e+00
1.136579999999999924e+00
2.042549999999999866e+00
8.839289999999999647e-01
6.017949999999999688e-01
5.431070000000000064e-01
4.805289999999999839e-01
4.939089999999999869e-01
5.808780000000000054e-01
6.281050000000000244e-01
5.568980000000000041e-01
6.072499999999999565e-01
6.089419999999999833e-01
5.885679999999999801e-01
7.787709999999999910e-01
7.523360000000000047e-01
7.662250000000000449e-01
8.473199999999999621e-01
1.079429999999999890e+00
1.307630000000000070e+00
8.823339999999999517e-01
6.932690000000000241e-01
7.379980000000000429e-01
6.872260000000000035e-01
6.103790000000000049e-01
5.018620000000000303e-01
6.121729999999999672e-01
5.466539999999999733e-01
5.356330000000000258e-01
4.883109999999999951e-01
5.581220000000000070e-01
4.698200000000000154e-01
4.896710000000000229e-01
3.433519999999999905e-01
3.981060000000000154e-01
5.339580000000000437e-01
5.829579999999999762e-01
5.239570000000000061e-01
4.369439999999999991e-01
3.917280000000000206e-01
3.735249999999999959e-01
