0.65497
0.638648
0.582144
0.621133
0.651959
0.583556
0.501588
0.505738
0.564634
0.658795
0.712582
0.694291
0.577259
0.550592
0.531884
0.55628
0.620808
0.60514
0.516571
0.535295
0.554834
0.599876
0.594851
0.68768
0.57215
0.550824
0.628226
0.636261
0.654711
0.64161
0.603744
0.616454
0.582343
0.609795
0.582173
0.525412
0.553441
0.670005
0.674523
0.600442
0.544041
0.566
0.612479
0.60435
0.524489
0.541017
0.6517
0.667785
0.656949
0.597563
0.560771
0.619493
0.673006
0.599252
0.5858
0.646925
0.598724
0.519546
0.569118
0.642368
0.614929
0.617681
0.619342
0.619374
0.616419
0.544355
0.571419
0.675045
0.624991
0.549483
0.576083
0.566888
0.648918
0.655116
0.623974
0.603855
0.539676
0.507029
0.591603
0.629237
0.617879
0.605553
0.609954
0.623511
0.61568
0.608893
0.610965
0.588616
0.582514
0.594669
0.574009
0.613493
0.589452
0.591837
0.558477
0.601383
0.62497
0.581858
0.566135
0.588781
0.596474
0.547915
0.493483
0.555439
0.597782
0.57645
0.58115
0.526815
0.569145
0.676015
0.650642
0.54507
0.537189
0.607869
0.606189
0.63084
0.688373
0.628003
0.535375
0.550273
0.63156
0.628752
0.636534
0.672346
0.688043
0.651331
0.628621
0.639784
0.623142
0.588221
0.548678
0.556373
0.587946
0.672462
0.666075
0.649228
0.510473
0.520391
0.649813
0.707371
0.708206
0.631511
0.581296
0.660507
0.724985
0.674014
0.673336
0.627974
0.605347
0.498887
0.511705
0.623384
0.623895
0.549691
0.573542
0.642843
0.65534
0.666848
0.622197
0.617595
0.58319
0.548616
0.536115
0.575211
0.607761
0.643069
0.518183
0.489052
0.494717
0.551405
0.604582
0.621306
0.641831
0.630627
0.627133
0.5452
0.558205
0.609927
0.641551
0.617935
0.573988
0.601504
0.611811
0.624467
0.580708
0.568636
0.56851
0.617615
0.627416
0.617401
0.558252
0.537412
0.563962
0.544432
0.587296
0.589271
0.587965
0.583666
0.515605
13.0259
0.52599
0.640261
0.69585
0.66279
0.59836
0.563097
0.531672
0.53275
0.540861
0.568247
0.59499
0.650202
0.649955
0.586637
0.504164
0.529569
0.496017
0.524313
0.610345
0.579043
0.504607
0.467769
0.601325
0.570477
0.595823
0.586004
0.487519
0.504643
0.595744
0.577164
0.505646
0.511004
0.554361
0.546394
0.527473
0.489338
0.522206
0.502263
0.450652
0.554331
0.582755
0.540047
0.460594
0.517776
0.530757
0.538111
0.499954
0.561992
0.493759
0.456998
0.53472
0.51298
0.53624
0.431055
0.442168
0.45008
0.318268
0.410922
0.440961
0.525433
0.470698
0.443709
0.519618
0.486743
0.524455
0.416653
0.467682
0.436208
0.348525
0.424717
0.397858
0.396684
0.417694
0.363214
0.325461
0.374406
0.415182
0.382765
0.34547
0.361188
0.463177
0.45945
0.382843
0.431547
0.425607
0.407642
0.396064
0.431153
0.522173
0.433424
0.380879
0.31974
0.351218
0.338232
0.36391
0.422111
0.387502
0.533391
0.477185
0.518297
0.558462
0.580971
0.634161
0.61707
0.61217
0.602362
0.591232
0.639073
0.610561
0.546062
0.49358
0.459562
0.596968
0.664662
0.663831
0.628388
0.638699
0.601863
0.557871
0.59063
0.613834
0.622857
0.51939
0.511095
0.517054
0.607506
0.530329
0.493312
0.549559
0.546179
0.706773
0.711046
0.618167
0.546288
0.556056
0.598554
0.496535
0.519975
0.566847
0.588597
0.59604
0.541906
0.497792
0.495399
0.407611
0.433302
0.469806
0.531769
0.549586
0.547186
0.562647
0.531393
0.507843
0.508997
0.580323
0.516835
0.502899
0.584354
0.575986
0.62038
0.5422
0.529555
0.530579
0.570092
0.500998
0.5248
0.475077
0.46961
0.442211
0.505968
0.59526
0.53723
0.593139
0.623595
0.692138
0.60269
0.535157
0.522971
0.552954
0.641778
0.559076
0.634645
0.56459
0.507269
0.582428
0.605801
0.601676
0.53196
0.497165
0.52052
0.482593
0.483591
0.399643
0.429915
0.446902
0.468909
0.469273
0.437378
0.424086
