5.259899999999999576e-01
6.402609999999999690e-01
6.958499999999999686e-01
6.627899999999999903e-01
5.983600000000000030e-01
5.630969999999999587e-01
5.316720000000000335e-01
5.327499999999999458e-01
5.408610000000000362e-01
5.682469999999999466e-01
5.949900000000000189e-01
6.502019999999999467e-01
6.499549999999999494e-01
5.866369999999999640e-01
5.041639999999999455e-01
5.295689999999999564e-01
4.960169999999999857e-01
5.243130000000000290e-01
6.103450000000000264e-01
5.790429999999999744e-01
5.046070000000000277e-01
4.677689999999999904e-01
6.013249999999999984e-01
5.704770000000000119e-01
5.958229999999999915e-01
5.860039999999999694e-01
4.875189999999999801e-01
5.046429999999999527e-01
5.957440000000000513e-01
5.771640000000000104e-01
5.056460000000000399e-01
5.110040000000000138e-01
5.543609999999999927e-01
5.463940000000000463e-01
5.274729999999999697e-01
4.893379999999999952e-01
5.222059999999999480e-01
5.022630000000000150e-01
4.506519999999999970e-01
5.543310000000000182e-01
5.827550000000000230e-01
5.400470000000000548e-01
4.605940000000000034e-01
5.177760000000000140e-01
5.307570000000000343e-01
5.381110000000000060e-01
4.999540000000000095e-01
5.619920000000000471e-01
4.937590000000000034e-01
4.569980000000000153e-01
5.347199999999999731e-01
5.129799999999999915e-01
5.362400000000000500e-01
4.310550000000000215e-01
4.421680000000000055e-01
4.500799999999999801e-01
3.182679999999999954e-01
4.109220000000000095e-01
4.409609999999999919e-01
5.254330000000000389e-01
4.706980000000000053e-01
4.437090000000000201e-01
5.196180000000000243e-01
4.867429999999999812e-01
5.244550000000000045e-01
4.166529999999999956e-01
4.676819999999999866e-01
4.362079999999999846e-01
3.485249999999999737e-01
4.247170000000000112e-01
3.978579999999999894e-01
3.966839999999999811e-01
4.176940000000000097e-01
3.632139999999999813e-01
3.254610000000000003e-01
3.744060000000000166e-01
4.151819999999999955e-01
3.827650000000000219e-01
3.454699999999999993e-01
3.611880000000000090e-01
4.631770000000000054e-01
4.594500000000000250e-01
3.828429999999999889e-01
4.315470000000000139e-01
4.256070000000000131e-01
4.076420000000000043e-01
3.960640000000000271e-01
4.311530000000000085e-01
5.221729999999999983e-01
4.334239999999999760e-01
3.808790000000000231e-01
3.197400000000000242e-01
3.512179999999999747e-01
3.382319999999999771e-01
3.639100000000000112e-01
4.221110000000000140e-01
3.875020000000000131e-01
5.333909999999999485e-01
4.771850000000000258e-01
5.182970000000000077e-01
5.584620000000000140e-01
5.809710000000000152e-01
6.341609999999999747e-01
6.170700000000000074e-01
6.121699999999999919e-01
6.023619999999999530e-01
5.912319999999999798e-01
6.390730000000000022e-01
6.105610000000000204e-01
5.460620000000000474e-01
4.935800000000000187e-01
4.595620000000000260e-01
5.969680000000000542e-01
6.646619999999999751e-01
6.638309999999999489e-01
6.283879999999999466e-01
6.386990000000000167e-01
6.018630000000000368e-01
5.578710000000000058e-01
5.906299999999999883e-01
6.138339999999999907e-01
6.228569999999999940e-01
5.193900000000000183e-01
5.110949999999999660e-01
5.170540000000000136e-01
6.075059999999999905e-01
5.303290000000000504e-01
4.933119999999999727e-01
5.495590000000000197e-01
5.461789999999999701e-01
7.067729999999999846e-01
7.110459999999999559e-01
6.181670000000000220e-01
5.462879999999999958e-01
5.560559999999999947e-01
5.985540000000000305e-01
4.965350000000000041e-01
5.199749999999999650e-01
5.668469999999999898e-01
5.885970000000000368e-01
5.960400000000000142e-01
5.419059999999999988e-01
4.977920000000000122e-01
4.953989999999999783e-01
4.076110000000000011e-01
4.333020000000000205e-01
4.698060000000000014e-01
5.317690000000000472e-01
5.495860000000000190e-01
5.471859999999999502e-01
5.626470000000000082e-01
5.313930000000000042e-01
5.078430000000000444e-01
5.089970000000000327e-01
5.803230000000000333e-01
5.168350000000000444e-01
5.028989999999999849e-01
5.843540000000000401e-01
5.759859999999999980e-01
6.203800000000000425e-01
5.422000000000000153e-01
5.295549999999999979e-01
5.305790000000000228e-01
5.700920000000000432e-01
5.009980000000000544e-01
5.248000000000000442e-01
4.750770000000000270e-01
4.696100000000000274e-01
4.422110000000000207e-01
5.059679999999999733e-01
5.952600000000000113e-01
5.372299999999999853e-01
5.931389999999999718e-01
6.235950000000000104e-01
6.921380000000000310e-01
6.026899999999999480e-01
5.351569999999999938e-01
5.229709999999999637e-01
5.529539999999999456e-01
6.417779999999999596e-01
5.590760000000000174e-01
6.346450000000000147e-01
5.645900000000000363e-01
5.072689999999999699e-01
5.824279999999999458e-01
6.058010000000000339e-01
6.016759999999999886e-01
5.319599999999999884e-01
4.971650000000000236e-01
5.205199999999999827e-01
4.825929999999999942e-01
4.835909999999999931e-01
3.996430000000000260e-01
4.299149999999999916e-01
4.469020000000000215e-01
4.689090000000000202e-01
4.692729999999999957e-01
4.373779999999999890e-01
4.240860000000000185e-01
