6.549700000000000522e-01
6.386479999999999935e-01
5.821439999999999948e-01
6.211330000000000462e-01
6.519589999999999552e-01
5.835559999999999636e-01
5.015880000000000338e-01
5.057380000000000209e-01
5.646339999999999693e-01
6.587950000000000195e-01
7.125820000000000487e-01
6.942909999999999915e-01
5.772589999999999666e-01
5.505919999999999703e-01
5.318840000000000234e-01
5.562799999999999967e-01
6.208080000000000265e-01
6.051400000000000112e-01
5.165710000000000024e-01
5.352949999999999653e-01
5.548340000000000494e-01
5.998759999999999648e-01
5.948510000000000186e-01
6.876799999999999580e-01
5.721500000000000474e-01
5.508239999999999803e-01
6.282259999999999511e-01
6.362609999999999655e-01
6.547110000000000429e-01
6.416100000000000136e-01
6.037439999999999474e-01
6.164539999999999464e-01
5.823430000000000550e-01
6.097949999999999759e-01
5.821730000000000516e-01
5.254119999999999902e-01
5.534409999999999608e-01
6.700049999999999617e-01
6.745229999999999837e-01
6.004420000000000313e-01
5.440409999999999968e-01
5.659999999999999476e-01
6.124789999999999957e-01
6.043500000000000538e-01
5.244889999999999830e-01
5.410169999999999702e-01
6.516999999999999460e-01
6.677849999999999620e-01
6.569490000000000052e-01
5.975629999999999553e-01
5.607710000000000194e-01
6.194929999999999604e-01
6.730059999999999931e-01
5.992520000000000069e-01
5.857999999999999874e-01
6.469249999999999723e-01
5.987240000000000339e-01
5.195459999999999523e-01
5.691180000000000128e-01
6.423680000000000501e-01
6.149289999999999479e-01
6.176810000000000356e-01
6.193419999999999481e-01
6.193739999999999801e-01
6.164190000000000502e-01
5.443550000000000333e-01
5.714190000000000103e-01
6.750450000000000061e-01
6.249909999999999632e-01
5.494830000000000547e-01
5.760830000000000117e-01
5.668879999999999475e-01
6.489179999999999948e-01
6.551160000000000316e-01
6.239740000000000286e-01
6.038550000000000306e-01
5.396760000000000446e-01
5.070289999999999520e-01
5.916029999999999900e-01
6.292370000000000463e-01
6.178789999999999560e-01
6.055530000000000079e-01
6.099539999999999962e-01
6.235110000000000374e-01
6.156800000000000050e-01
6.088930000000000176e-01
6.109649999999999803e-01
5.886160000000000281e-01
5.825139999999999763e-01
5.946690000000000031e-01
5.740089999999999915e-01
6.134929999999999550e-01
5.894519999999999760e-01
5.918369999999999465e-01
5.584770000000000012e-01
6.013830000000000009e-01
6.249700000000000255e-01
5.818579999999999863e-01
5.661350000000000549e-01
5.887809999999999988e-01
5.964739999999999487e-01
5.479150000000000409e-01
4.934830000000000050e-01
5.554390000000000160e-01
5.977820000000000356e-01
5.764500000000000179e-01
5.811500000000000554e-01
5.268150000000000333e-01
5.691450000000000120e-01
6.760150000000000325e-01
6.506420000000000536e-01
5.450700000000000545e-01
5.371890000000000276e-01
6.078689999999999927e-01
6.061889999999999779e-01
6.308399999999999563e-01
6.883730000000000127e-01
6.280029999999999779e-01
5.353750000000000453e-01
5.502730000000000121e-01
6.315600000000000103e-01
6.287519999999999776e-01
6.365340000000000442e-01
6.723459999999999992e-01
6.880429999999999602e-01
6.513309999999999933e-01
6.286209999999999853e-01
6.397840000000000193e-01
6.231419999999999737e-01
5.882209999999999939e-01
5.486779999999999990e-01
5.563730000000000064e-01
5.879459999999999686e-01
6.724620000000000042e-01
6.660749999999999726e-01
6.492280000000000273e-01
5.104729999999999546e-01
5.203910000000000480e-01
6.498129999999999740e-01
7.073709999999999720e-01
7.082060000000000022e-01
6.315110000000000445e-01
5.812960000000000349e-01
6.605069999999999553e-01
7.249849999999999905e-01
6.740140000000000020e-01
6.733360000000000456e-01
6.279740000000000322e-01
6.053469999999999684e-01
4.988870000000000249e-01
5.117049999999999654e-01
6.233840000000000492e-01
6.238949999999999774e-01
5.496910000000000407e-01
5.735419999999999963e-01
6.428430000000000533e-01
6.553400000000000336e-01
6.668479999999999963e-01
6.221970000000000001e-01
6.175950000000000051e-01
5.831899999999999862e-01
5.486159999999999926e-01
5.361150000000000082e-01
5.752110000000000278e-01
6.077609999999999957e-01
6.430690000000000017e-01
5.181829999999999492e-01
4.890519999999999867e-01
4.947170000000000178e-01
5.514050000000000340e-01
6.045819999999999528e-01
6.213060000000000249e-01
6.418310000000000404e-01
6.306270000000000486e-01
6.271330000000000515e-01
5.452000000000000179e-01
5.582049999999999512e-01
6.099269999999999969e-01
6.415509999999999824e-01
6.179350000000000120e-01
5.739880000000000537e-01
6.015040000000000386e-01
6.118109999999999937e-01
6.244669999999999943e-01
5.807080000000000020e-01
5.686360000000000303e-01
5.685099999999999598e-01
6.176150000000000251e-01
6.274159999999999737e-01
6.174009999999999776e-01
5.582519999999999705e-01
5.374120000000000008e-01
5.639619999999999633e-01
5.444320000000000270e-01
5.872960000000000402e-01
5.892709999999999892e-01
5.879649999999999599e-01
5.836660000000000181e-01
5.156049999999999800e-01
