3.413240000000000163e-01
2.386290000000000078e-01
2.575569999999999804e-01
3.504349999999999965e-01
3.536670000000000091e-01
3.345480000000000120e-01
3.090760000000000174e-01
2.390549999999999897e-01
2.632289999999999908e-01
2.028210000000000013e-01
2.481909999999999950e-01
3.126129999999999742e-01
3.660140000000000060e-01
3.676400000000000223e-01
3.486360000000000015e-01
3.284389999999999810e-01
2.584730000000000083e-01
2.685730000000000062e-01
2.804150000000000253e-01
3.548640000000000128e-01
2.726069999999999882e-01
2.778749999999999831e-01
3.220709999999999962e-01
3.900060000000000193e-01
4.152830000000000132e-01
4.443529999999999980e-01
5.151740000000000208e-01
3.942419999999999813e-01
3.437230000000000008e-01
5.091189999999999882e-01
4.628439999999999777e-01
4.229840000000000266e-01
3.310649999999999982e-01
6.231999999999999762e-01
5.437189999999999523e-01
3.315029999999999921e-01
3.216740000000000155e-01
2.645600000000000174e-01
2.362400000000000055e-01
2.701620000000000132e-01
2.532170000000000254e-01
2.517159999999999953e-01
2.309360000000000024e-01
2.252879999999999883e-01
3.233989999999999920e-01
3.235970000000000235e-01
3.303610000000000158e-01
3.637279999999999958e-01
4.987770000000000259e-01
4.898410000000000264e-01
3.418820000000000192e-01
3.394449999999999967e-01
4.243730000000000002e-01
9.045159999999999867e-01
1.008790000000000076e+00
8.769329999999999625e-01
5.602679999999999882e-01
4.783569999999999767e-01
3.631980000000000208e-01
3.001329999999999831e-01
2.995900000000000230e-01
4.061969999999999748e-01
4.056429999999999758e-01
4.056580000000000186e-01
4.482400000000000273e-01
7.248989999999999601e-01
7.622430000000000039e-01
1.075369999999999937e+00
1.034909999999999997e+00
1.123070000000000013e+00
1.627760000000000096e+00
2.015559999999999796e+00
1.605660000000000087e+00
1.170949999999999935e+00
1.097739999999999938e+00
5.775270000000000126e-01
4.113829999999999987e-01
3.719009999999999816e-01
3.449229999999999796e-01
3.104950000000000210e-01
3.221789999999999932e-01
3.604240000000000221e-01
3.274020000000000263e-01
3.670749999999999846e-01
3.416109999999999980e-01
4.691130000000000022e-01
8.283939999999999637e-01
7.043199999999999461e-01
6.565980000000000150e-01
6.443109999999999671e-01
8.473319999999999741e-01
8.603709999999999969e-01
8.012359999999999483e-01
5.968379999999999797e-01
1.164709999999999912e+00
9.945450000000000124e-01
7.183070000000000288e-01
5.147159999999999513e-01
3.914529999999999954e-01
3.715499999999999914e-01
3.648899999999999921e-01
3.259880000000000000e-01
3.460030000000000050e-01
3.888610000000000122e-01
3.587000000000000188e-01
4.148649999999999838e-01
4.296740000000000004e-01
7.149050000000000127e-01
7.045449999999999768e-01
1.010080000000000089e+00
9.613920000000000243e-01
1.469090000000000007e+00
1.371739999999999959e+00
1.428679999999999950e+00
9.903119999999999701e-01
9.356790000000000385e-01
5.916839999999999877e-01
4.765829999999999789e-01
4.195130000000000248e-01
3.447560000000000069e-01
3.101030000000000175e-01
3.193840000000000012e-01
3.148940000000000072e-01
3.042480000000000184e-01
3.755439999999999889e-01
4.141270000000000229e-01
6.015279999999999516e-01
4.781949999999999812e-01
3.799120000000000275e-01
3.000090000000000257e-01
2.635080000000000200e-01
3.300529999999999853e-01
3.779620000000000202e-01
3.739799999999999791e-01
3.630579999999999918e-01
3.529349999999999987e-01
3.618049999999999877e-01
3.280109999999999970e-01
3.359369999999999856e-01
2.607539999999999858e-01
2.979820000000000246e-01
3.670740000000000114e-01
3.218159999999999910e-01
2.722660000000000080e-01
2.674360000000000070e-01
2.643920000000000159e-01
3.425730000000000164e-01
3.068359999999999976e-01
2.574690000000000034e-01
2.494439999999999991e-01
2.765790000000000193e-01
3.134210000000000051e-01
4.129720000000000057e-01
8.203700000000000436e-01
8.334850000000000314e-01
1.078179999999999916e+00
5.484909999999999508e-01
4.400399999999999867e-01
3.951629999999999865e-01
3.173440000000000150e-01
2.798800000000000177e-01
3.134970000000000256e-01
3.467450000000000254e-01
3.988979999999999748e-01
3.318829999999999836e-01
2.743169999999999775e-01
3.372260000000000257e-01
3.455369999999999830e-01
3.634060000000000068e-01
4.076600000000000223e-01
4.132660000000000222e-01
6.611380000000000035e-01
6.255020000000000024e-01
8.488489999999999647e-01
4.949009999999999798e-01
4.142919999999999936e-01
4.280990000000000073e-01
4.217679999999999763e-01
3.720979999999999843e-01
5.506219999999999448e-01
6.274680000000000257e-01
8.633030000000000426e-01
8.389259999999999495e-01
9.932950000000000390e-01
1.116540000000000088e+00
6.838610000000000522e-01
1.281190000000000051e+00
1.453959999999999919e+00
1.704609999999999959e+00
1.972069999999999990e+00
1.569209999999999994e+00
1.330580000000000096e+00
8.082749999999999657e-01
6.217120000000000424e-01
5.756029999999999758e-01
1.320489999999999942e+00
1.385529999999999928e+00
1.227200000000000069e+00
1.417680000000000051e+00
