4.376010000000000177e-01
3.406750000000000056e-01
4.883970000000000256e-01
4.454029999999999934e-01
4.615099999999999758e-01
3.503780000000000228e-01
3.004780000000000229e-01
3.662540000000000240e-01
4.447459999999999747e-01
6.652369999999999672e-01
5.545200000000000129e-01
6.843759999999999843e-01
7.318390000000000173e-01
5.501160000000000494e-01
4.717160000000000242e-01
4.284529999999999728e-01
4.508329999999999838e-01
3.885109999999999952e-01
3.685419999999999807e-01
3.603560000000000096e-01
3.471850000000000214e-01
3.848750000000000226e-01
4.129300000000000193e-01
3.985369999999999746e-01
3.743310000000000248e-01
4.266940000000000177e-01
3.999309999999999810e-01
4.116369999999999751e-01
3.564350000000000018e-01
5.092269999999999852e-01
5.128000000000000336e-01
6.123269999999999547e-01
4.959230000000000027e-01
4.432909999999999906e-01
4.999810000000000088e-01
5.036549999999999638e-01
1.173149999999999915e+00
7.666690000000000449e-01
8.380109999999999504e-01
5.407899999999999929e-01
4.121540000000000203e-01
3.980890000000000262e-01
3.514700000000000046e-01
4.091400000000000037e-01
3.989829999999999766e-01
3.606980000000000186e-01
8.389020000000000366e-01
8.015889999999999960e-01
5.219430000000000458e-01
3.914440000000000142e-01
4.028660000000000019e-01
4.478489999999999971e-01
4.272369999999999779e-01
4.718240000000000212e-01
7.807140000000000191e-01
9.541319999999999801e-01
1.166420000000000012e+00
8.053010000000000446e-01
5.528870000000000173e-01
9.797789999999999555e-01
1.144050000000000011e+00
8.954410000000000425e-01
6.759600000000000053e-01
7.305399999999999672e-01
5.832420000000000382e-01
8.099300000000000388e-01
4.703189999999999871e-01
3.837570000000000148e-01
3.735649999999999804e-01
4.320140000000000091e-01
4.590580000000000216e-01
3.676920000000000188e-01
3.631159999999999943e-01
3.486989999999999812e-01
3.384139999999999926e-01
3.457620000000000138e-01
3.695109999999999784e-01
3.086610000000000187e-01
3.051380000000000203e-01
3.637549999999999950e-01
4.409100000000000241e-01
4.553010000000000113e-01
5.510589999999999655e-01
6.165490000000000137e-01
1.369690000000000074e+00
9.368199999999999861e-01
1.204599999999999893e+00
6.683170000000000499e-01
5.242350000000000065e-01
4.406610000000000249e-01
4.017729999999999912e-01
8.013169999999999460e-01
7.959789999999999921e-01
7.771799999999999820e-01
1.059700000000000086e+00
5.305579999999999741e-01
3.629729999999999901e-01
3.652500000000000191e-01
4.023260000000000169e-01
5.388290000000000024e-01
5.982460000000000555e-01
6.421540000000000026e-01
5.917280000000000317e-01
5.396389999999999798e-01
4.669159999999999977e-01
3.869859999999999967e-01
3.649109999999999854e-01
3.980000000000000204e-01
3.623970000000000247e-01
3.171289999999999942e-01
2.848370000000000068e-01
2.894419999999999771e-01
2.713979999999999726e-01
2.934970000000000079e-01
3.565619999999999901e-01
3.516560000000000241e-01
3.911510000000000264e-01
4.682939999999999880e-01
5.286680000000000268e-01
5.052200000000000024e-01
6.057829999999999604e-01
1.816780000000000062e+00
1.506480000000000041e+00
7.691879999999999828e-01
5.965829999999999744e-01
4.551930000000000143e-01
4.481840000000000268e-01
4.822890000000000232e-01
3.929619999999999780e-01
3.943550000000000111e-01
3.162769999999999748e-01
3.114879999999999871e-01
3.208199999999999941e-01
3.757670000000000177e-01
3.804969999999999741e-01
8.005679999999999463e-01
7.402349999999999763e-01
7.422189999999999621e-01
5.029660000000000242e-01
4.360580000000000012e-01
4.653490000000000126e-01
4.522550000000000181e-01
3.833759999999999946e-01
3.999360000000000137e-01
3.918300000000000116e-01
3.377850000000000019e-01
2.981699999999999906e-01
3.410699999999999843e-01
3.925790000000000113e-01
4.358440000000000092e-01
4.486689999999999845e-01
5.806550000000000322e-01
5.290749999999999620e-01
3.813150000000000150e-01
3.680820000000000203e-01
4.089900000000000202e-01
4.151650000000000063e-01
4.137109999999999954e-01
3.148859999999999992e-01
3.267360000000000264e-01
3.560989999999999989e-01
3.258619999999999850e-01
4.128530000000000255e-01
4.065690000000000137e-01
3.336839999999999806e-01
3.676650000000000196e-01
3.956549999999999789e-01
3.191999999999999837e-01
3.186379999999999768e-01
3.886769999999999947e-01
3.950069999999999970e-01
3.922059999999999991e-01
3.944889999999999786e-01
4.088160000000000127e-01
3.957930000000000059e-01
3.580130000000000257e-01
4.489699999999999802e-01
4.504409999999999803e-01
3.329670000000000130e-01
3.309270000000000267e-01
4.472380000000000244e-01
4.235180000000000056e-01
3.964059999999999806e-01
4.618399999999999728e-01
3.775810000000000000e-01
4.008709999999999773e-01
3.284969999999999835e-01
3.156340000000000257e-01
3.062559999999999727e-01
3.579269999999999952e-01
5.983209999999999917e-01
5.379650000000000265e-01
4.511299999999999755e-01
3.258269999999999778e-01
3.843820000000000014e-01
3.928119999999999945e-01
3.845299999999999829e-01
3.467740000000000267e-01
2.817580000000000084e-01
