0.437601
0.340675
0.488397
0.445403
0.46151
0.350378
0.300478
0.366254
0.444746
0.665237
0.55452
0.684376
0.731839
0.550116
0.471716
0.428453
0.450833
0.388511
0.368542
0.360356
0.347185
0.384875
0.41293
0.398537
0.374331
0.426694
0.399931
0.411637
0.356435
0.509227
0.5128
0.612327
0.495923
0.443291
0.499981
0.503655
1.17315
0.766669
0.838011
0.54079
0.412154
0.398089
0.35147
0.40914
0.398983
0.360698
0.838902
0.801589
0.521943
0.391444
0.402866
0.447849
0.427237
0.471824
0.780714
0.954132
1.16642
0.805301
0.552887
0.979779
1.14405
0.895441
0.67596
0.73054
0.583242
0.80993
0.470319
0.383757
0.373565
0.432014
0.459058
0.367692
0.363116
0.348699
0.338414
0.345762
0.369511
0.308661
0.305138
0.363755
0.44091
0.455301
0.551059
0.616549
1.36969
0.93682
1.2046
0.668317
0.524235
0.440661
0.401773
0.801317
0.795979
0.77718
1.0597
0.530558
0.362973
0.36525
0.402326
0.538829
0.598246
0.642154
0.591728
0.539639
0.466916
0.386986
0.364911
0.398
0.362397
0.317129
0.284837
0.289442
0.271398
0.293497
0.356562
0.351656
0.391151
0.468294
0.528668
0.50522
0.605783
1.81678
1.50648
0.769188
0.596583
0.455193
0.448184
0.482289
0.392962
0.394355
0.316277
0.311488
0.32082
0.375767
0.380497
0.800568
0.740235
0.742219
0.502966
0.436058
0.465349
0.452255
0.383376
0.399936
0.39183
0.337785
0.29817
0.34107
0.392579
0.435844
0.448669
0.580655
0.529075
0.381315
0.368082
0.40899
0.415165
0.413711
0.314886
0.326736
0.356099
0.325862
0.412853
0.406569
0.333684
0.367665
0.395655
0.3192
0.318638
0.388677
0.395007
0.392206
0.394489
0.408816
0.395793
0.358013
0.44897
0.450441
0.332967
0.330927
0.447238
0.423518
0.396406
0.46184
0.377581
0.400871
0.328497
0.315634
0.306256
0.357927
0.598321
0.537965
0.45113
0.325827
0.384382
0.392812
0.38453
0.346774
0.281758
8.19286
0.341324
0.238629
0.257557
0.350435
0.353667
0.334548
0.309076
0.239055
0.263229
0.202821
0.248191
0.312613
0.366014
0.36764
0.348636
0.328439
0.258473
0.268573
0.280415
0.354864
0.272607
0.277875
0.322071
0.390006
0.415283
0.444353
0.515174
0.394242
0.343723
0.509119
0.462844
0.422984
0.331065
0.6232
0.543719
0.331503
0.321674
0.26456
0.23624
0.270162
0.253217
0.251716
0.230936
0.225288
0.323399
0.323597
0.330361
0.363728
0.498777
0.489841
0.341882
0.339445
0.424373
0.904516
1.00879
0.876933
0.560268
0.478357
0.363198
0.300133
0.29959
0.406197
0.405643
0.405658
0.44824
0.724899
0.762243
1.07537
1.03491
1.12307
1.62776
2.01556
1.60566
1.17095
1.09774
0.577527
0.411383
0.371901
0.344923
0.310495
0.322179
0.360424
0.327402
0.367075
0.341611
0.469113
0.828394
0.70432
0.656598
0.644311
0.847332
0.860371
0.801236
0.596838
1.16471
0.994545
0.718307
0.514716
0.391453
0.37155
0.36489
0.325988
0.346003
0.388861
0.3587
0.414865
0.429674
0.714905
0.704545
1.01008
0.961392
1.46909
1.37174
1.42868
0.990312
0.935679
0.591684
0.476583
0.419513
0.344756
0.310103
0.319384
0.314894
0.304248
0.375544
0.414127
0.601528
0.478195
0.379912
0.300009
0.263508
0.330053
0.377962
0.37398
0.363058
0.352935
0.361805
0.328011
0.335937
0.260754
0.297982
0.367074
0.321816
0.272266
0.267436
0.264392
0.342573
0.306836
0.257469
0.249444
0.276579
0.313421
0.412972
0.82037
0.833485
1.07818
0.548491
0.44004
0.395163
0.317344
0.27988
0.313497
0.346745
0.398898
0.331883
0.274317
0.337226
0.345537
0.363406
0.40766
0.413266
0.661138
0.625502
0.848849
0.494901
0.414292
0.428099
0.421768
0.372098
0.550622
0.627468
0.863303
0.838926
0.993295
1.11654
0.683861
1.28119
1.45396
1.70461
1.97207
1.56921
1.33058
0.808275
0.621712
0.575603
1.32049
1.38553
1.2272
1.41768
