3.053139999999999743e-01
2.753909999999999969e-01
2.908169999999999922e-01
3.315379999999999994e-01
3.131260000000000154e-01
3.390329999999999733e-01
3.632839999999999958e-01
3.438100000000000045e-01
4.132959999999999967e-01
3.881209999999999938e-01
3.868590000000000084e-01
3.585519999999999818e-01
3.763349999999999751e-01
4.104320000000000190e-01
4.061799999999999855e-01
4.152330000000000187e-01
3.929900000000000060e-01
4.280030000000000223e-01
6.158860000000000445e-01
5.351430000000000353e-01
5.231909999999999616e-01
5.145769999999999511e-01
4.312210000000000210e-01
4.468030000000000057e-01
4.061609999999999943e-01
4.516729999999999912e-01
4.970729999999999871e-01
4.690199999999999925e-01
5.046300000000000230e-01
5.669619999999999660e-01
5.031710000000000349e-01
4.142629999999999924e-01
3.556119999999999837e-01
4.306309999999999860e-01
3.529340000000000255e-01
4.363319999999999976e-01
4.247609999999999997e-01
4.519369999999999776e-01
3.694359999999999866e-01
3.340049999999999963e-01
4.847759999999999847e-01
4.589520000000000266e-01
3.511230000000000184e-01
3.233460000000000223e-01
3.170020000000000060e-01
3.422580000000000067e-01
3.311609999999999832e-01
3.733119999999999772e-01
3.415869999999999740e-01
2.937759999999999816e-01
3.246439999999999881e-01
3.200790000000000024e-01
3.681409999999999960e-01
3.672320000000000029e-01
4.071640000000000259e-01
4.457539999999999836e-01
3.549840000000000217e-01
3.387180000000000191e-01
3.525110000000000188e-01
3.625599999999999934e-01
5.066410000000000080e-01
5.904019999999999824e-01
3.516549999999999954e-01
3.487049999999999872e-01
3.450449999999999906e-01
4.995950000000000113e-01
4.781810000000000227e-01
4.544019999999999726e-01
4.056359999999999966e-01
3.676400000000000223e-01
3.196289999999999965e-01
3.524840000000000195e-01
3.355589999999999962e-01
4.160309999999999842e-01
5.313029999999999697e-01
3.840199999999999725e-01
3.595690000000000275e-01
3.242590000000000194e-01
3.115680000000000116e-01
2.661560000000000037e-01
2.503279999999999950e-01
3.106180000000000052e-01
3.321100000000000163e-01
2.864959999999999729e-01
3.110660000000000092e-01
3.274480000000000168e-01
3.334619999999999806e-01
4.085570000000000035e-01
3.846169999999999867e-01
3.238579999999999792e-01
3.577859999999999929e-01
3.968709999999999738e-01
3.647279999999999966e-01
4.092439999999999967e-01
3.927289999999999948e-01
3.893650000000000166e-01
4.073359999999999759e-01
4.476439999999999864e-01
3.851410000000000111e-01
4.161119999999999819e-01
3.996020000000000127e-01
3.317470000000000141e-01
3.683219999999999827e-01
3.230190000000000006e-01
2.936799999999999966e-01
3.140080000000000093e-01
2.914180000000000104e-01
3.007529999999999926e-01
3.323110000000000230e-01
8.392899999999999805e-01
1.113839999999999941e+00
5.606600000000000472e-01
3.892860000000000209e-01
3.789399999999999991e-01
3.407749999999999946e-01
4.169129999999999781e-01
3.892200000000000104e-01
3.765490000000000226e-01
3.970409999999999773e-01
3.182570000000000121e-01
2.627459999999999796e-01
3.376669999999999949e-01
3.927169999999999828e-01
3.624910000000000077e-01
3.807820000000000094e-01
4.000630000000000019e-01
4.229629999999999779e-01
4.166290000000000271e-01
4.297019999999999729e-01
4.253489999999999771e-01
4.453429999999999889e-01
3.835990000000000233e-01
4.263279999999999847e-01
4.069309999999999872e-01
3.999449999999999950e-01
4.234569999999999723e-01
3.498370000000000091e-01
3.342069999999999763e-01
3.672130000000000116e-01
3.891450000000000187e-01
3.904549999999999965e-01
3.812139999999999973e-01
4.230249999999999844e-01
3.757920000000000149e-01
3.537779999999999814e-01
3.851660000000000084e-01
4.129789999999999850e-01
4.029380000000000184e-01
4.557320000000000260e-01
4.378259999999999930e-01
4.358090000000000019e-01
4.065469999999999917e-01
3.780379999999999852e-01
2.975920000000000232e-01
3.845310000000000117e-01
7.041500000000000536e-01
6.946010000000000240e-01
4.380160000000000164e-01
3.786760000000000126e-01
4.060090000000000088e-01
4.264439999999999897e-01
3.701150000000000273e-01
3.706150000000000277e-01
3.836330000000000018e-01
3.445400000000000129e-01
4.532149999999999790e-01
4.597319999999999740e-01
4.477329999999999921e-01
4.386499999999999844e-01
3.931709999999999927e-01
3.855669999999999931e-01
3.972180000000000155e-01
4.521720000000000184e-01
4.163879999999999804e-01
4.619960000000000178e-01
4.403309999999999724e-01
4.184729999999999839e-01
4.600989999999999802e-01
4.644760000000000000e-01
4.798220000000000263e-01
5.200230000000000130e-01
5.668299999999999450e-01
7.183950000000000058e-01
9.462070000000000203e-01
2.219359999999999999e+00
4.006700000000000372e+00
4.875339999999999563e+00
1.457219999999999960e+00
1.020559999999999912e+00
8.273850000000000371e-01
8.200539999999999496e-01
9.832199999999999829e-01
1.616910000000000069e+00
5.742820000000000036e+00
4.689530000000000420e+00
3.010810000000000208e+00
1.295809999999999906e+00
9.066840000000000455e-01
1.310389999999999944e+00
