0.305314
0.275391
0.290817
0.331538
0.313126
0.339033
0.363284
0.34381
0.413296
0.388121
0.386859
0.358552
0.376335
0.410432
0.40618
0.415233
0.39299
0.428003
0.615886
0.535143
0.523191
0.514577
0.431221
0.446803
0.406161
0.451673
0.497073
0.46902
0.50463
0.566962
0.503171
0.414263
0.355612
0.430631
0.352934
0.436332
0.424761
0.451937
0.369436
0.334005
0.484776
0.458952
0.351123
0.323346
0.317002
0.342258
0.331161
0.373312
0.341587
0.293776
0.324644
0.320079
0.368141
0.367232
0.407164
0.445754
0.354984
0.338718
0.352511
0.36256
0.506641
0.590402
0.351655
0.348705
0.345045
0.499595
0.478181
0.454402
0.405636
0.36764
0.319629
0.352484
0.335559
0.416031
0.531303
0.38402
0.359569
0.324259
0.311568
0.266156
0.250328
0.310618
0.33211
0.286496
0.311066
0.327448
0.333462
0.408557
0.384617
0.323858
0.357786
0.396871
0.364728
0.409244
0.392729
0.389365
0.407336
0.447644
0.385141
0.416112
0.399602
0.331747
0.368322
0.323019
0.29368
0.314008
0.291418
0.300753
0.332311
0.83929
1.11384
0.56066
0.389286
0.37894
0.340775
0.416913
0.38922
0.376549
0.397041
0.318257
0.262746
0.337667
0.392717
0.362491
0.380782
0.400063
0.422963
0.416629
0.429702
0.425349
0.445343
0.383599
0.426328
0.406931
0.399945
0.423457
0.349837
0.334207
0.367213
0.389145
0.390455
0.381214
0.423025
0.375792
0.353778
0.385166
0.412979
0.402938
0.455732
0.437826
0.435809
0.406547
0.378038
0.297592
0.384531
0.70415
0.694601
0.438016
0.378676
0.406009
0.426444
0.370115
0.370615
0.383633
0.34454
0.453215
0.459732
0.447733
0.43865
0.393171
0.385567
0.397218
0.452172
0.416388
0.461996
0.440331
0.418473
0.460099
0.464476
0.479822
0.520023
0.56683
0.718395
0.946207
2.21936
4.0067
4.87534
1.45722
1.02056
0.827385
0.820054
0.98322
1.61691
5.74282
4.68953
3.01081
1.29581
0.906684
1.31039
6.77346
0.327584
0.298669
0.297325
0.358337
0.30202
0.283296
0.296281
0.317743
0.324056
0.334811
0.384783
0.444525
0.549444
0.512043
0.68562
0.502163
0.456029
0.434629
0.40504
0.404359
0.333527
0.307008
0.395837
0.354932
0.324801
0.355367
0.384143
0.409796
0.383318
0.385138
0.387141
0.375637
0.414056
0.361568
0.334814
0.310842
0.361821
0.457022
0.630021
0.892779
1.16965
0.717197
0.616367
0.459829
0.403093
0.400208
0.456162
0.516283
0.982642
0.899421
1.18851
0.785143
0.893515
0.504847
0.366928
0.385411
0.387997
0.342862
0.36067
0.328204
0.294335
0.305423
0.409495
0.337002
0.307541
0.297476
0.319875
0.442361
0.350118
0.337525
0.311933
0.264787
0.298997
0.355981
0.492727
1.05749
0.944734
0.858986
0.569017
0.465888
0.452961
0.442192
0.497332
0.677372
0.930744
0.836662
0.66098
0.442828
0.39983
0.422687
0.415468
0.396391
0.324959
0.354252
0.39661
0.404563
0.432517
0.368793
0.36199
0.425215
0.503845
0.898434
0.871189
0.900763
1.01596
0.933951
0.609462
0.421187
0.320449
0.327809
0.335952
0.349052
0.338546
0.51154
0.554521
0.525383
0.378537
0.427541
0.431858
0.458109
0.370085
0.424001
0.517952
0.456792
0.364156
0.317944
0.310962
0.306521
0.322267
0.366526
0.554707
0.462822
0.593305
0.571895
0.50117
0.520501
0.479949
0.416889
0.39991
0.589649
0.459817
0.554386
0.569881
0.547685
0.468984
0.483893
0.799899
0.849571
0.722413
0.958957
1.02022
1.4294
1.52699
1.35649
1.34652
1.14613
1.0854
0.968303
0.642029
0.906452
0.819949
0.586666
0.396623
0.416751
0.546327
0.562994
0.483081
0.649906
0.505533
0.682079
0.808126
0.709473
0.533842
0.477227
0.429385
0.394082
0.316525
0.358162
0.408809
0.334852
0.33214
0.298655
0.329742
0.337576
0.338401
0.307603
0.290665
0.472084
0.350547
0.387769
0.380006
0.326393
0.366245
0.385243
0.379099
0.368003
0.37748
0.405554
0.713384
