3.275839999999999863e-01
2.986690000000000178e-01
2.973250000000000060e-01
3.583370000000000166e-01
3.020200000000000107e-01
2.832959999999999923e-01
2.962810000000000166e-01
3.177429999999999977e-01
3.240560000000000107e-01
3.348110000000000253e-01
3.847829999999999862e-01
4.445250000000000035e-01
5.494440000000000435e-01
5.120430000000000259e-01
6.856200000000000072e-01
5.021630000000000260e-01
4.560290000000000177e-01
4.346289999999999876e-01
4.050400000000000111e-01
4.043590000000000240e-01
3.335270000000000179e-01
3.070080000000000031e-01
3.958369999999999944e-01
3.549320000000000253e-01
3.248010000000000064e-01
3.553669999999999884e-01
3.841430000000000122e-01
4.097959999999999936e-01
3.833179999999999921e-01
3.851379999999999804e-01
3.871410000000000129e-01
3.756369999999999987e-01
4.140559999999999796e-01
3.615680000000000005e-01
3.348140000000000005e-01
3.108420000000000072e-01
3.618210000000000037e-01
4.570219999999999838e-01
6.300210000000000532e-01
8.927789999999999893e-01
1.169650000000000079e+00
7.171969999999999734e-01
6.163669999999999982e-01
4.598289999999999877e-01
4.030929999999999791e-01
4.002080000000000082e-01
4.561620000000000119e-01
5.162830000000000474e-01
9.826420000000000154e-01
8.994210000000000260e-01
1.188509999999999955e+00
7.851430000000000353e-01
8.935149999999999482e-01
5.048470000000000457e-01
3.669279999999999764e-01
3.854110000000000036e-01
3.879969999999999808e-01
3.428620000000000001e-01
3.606699999999999906e-01
3.282039999999999957e-01
2.943350000000000133e-01
3.054230000000000000e-01
4.094949999999999979e-01
3.370020000000000238e-01
3.075410000000000088e-01
2.974760000000000182e-01
3.198750000000000204e-01
4.423610000000000042e-01
3.501179999999999848e-01
3.375250000000000195e-01
3.119330000000000158e-01
2.647869999999999946e-01
2.989970000000000128e-01
3.559809999999999919e-01
4.927270000000000261e-01
1.057490000000000041e+00
9.447339999999999627e-01
8.589860000000000273e-01
5.690169999999999950e-01
4.658880000000000243e-01
4.529610000000000025e-01
4.421919999999999740e-01
4.973319999999999963e-01
6.773719999999999741e-01
9.307440000000000158e-01
8.366620000000000168e-01
6.609800000000000120e-01
4.428279999999999994e-01
3.998300000000000187e-01
4.226869999999999794e-01
4.154680000000000040e-01
3.963909999999999934e-01
3.249589999999999979e-01
3.542520000000000113e-01
3.966100000000000181e-01
4.045630000000000059e-01
4.325169999999999848e-01
3.687929999999999819e-01
3.619899999999999785e-01
4.252150000000000096e-01
5.038449999999999873e-01
8.984339999999999549e-01
8.711889999999999912e-01
9.007629999999999804e-01
1.015959999999999974e+00
9.339509999999999756e-01
6.094619999999999482e-01
4.211869999999999781e-01
3.204489999999999839e-01
3.278090000000000170e-01
3.359519999999999729e-01
3.490519999999999734e-01
3.385460000000000136e-01
5.115399999999999947e-01
5.545210000000000417e-01
5.253830000000000444e-01
3.785370000000000124e-01
4.275410000000000044e-01
4.318580000000000196e-01
4.581089999999999884e-01
3.700849999999999973e-01
4.240010000000000168e-01
5.179519999999999680e-01
4.567919999999999758e-01
3.641559999999999797e-01
3.179440000000000044e-01
3.109620000000000162e-01
3.065209999999999879e-01
3.222670000000000257e-01
3.665260000000000185e-01
5.547069999999999501e-01
4.628220000000000112e-01
5.933049999999999713e-01
5.718950000000000422e-01
5.011700000000000044e-01
5.205009999999999915e-01
4.799490000000000145e-01
4.168890000000000096e-01
3.999099999999999877e-01
5.896489999999999787e-01
4.598169999999999757e-01
5.543860000000000454e-01
5.698809999999999709e-01
5.476849999999999774e-01
4.689840000000000120e-01
4.838930000000000176e-01
7.998990000000000267e-01
8.495709999999999651e-01
7.224129999999999718e-01
9.589569999999999483e-01
1.020219999999999905e+00
1.429400000000000004e+00
1.526990000000000069e+00
1.356489999999999974e+00
1.346519999999999939e+00
1.146130000000000093e+00
1.085399999999999920e+00
9.683030000000000248e-01
6.420289999999999608e-01
9.064520000000000355e-01
8.199490000000000389e-01
5.866660000000000208e-01
3.966230000000000033e-01
4.167509999999999826e-01
5.463270000000000071e-01
5.629939999999999944e-01
4.830809999999999826e-01
6.499059999999999837e-01
5.055330000000000101e-01
6.820789999999999909e-01
8.081260000000000110e-01
7.094730000000000203e-01
5.338420000000000387e-01
4.772270000000000123e-01
4.293850000000000167e-01
3.940819999999999879e-01
3.165250000000000008e-01
3.581619999999999804e-01
4.088089999999999780e-01
3.348519999999999830e-01
3.321399999999999908e-01
2.986550000000000038e-01
3.297419999999999796e-01
3.375759999999999872e-01
3.384010000000000074e-01
3.076030000000000153e-01
2.906650000000000067e-01
4.720840000000000036e-01
3.505469999999999975e-01
3.877689999999999748e-01
3.800060000000000104e-01
3.263929999999999887e-01
3.662449999999999872e-01
3.852430000000000021e-01
3.790990000000000193e-01
3.680030000000000245e-01
3.774799999999999822e-01
4.055540000000000256e-01
7.133840000000000181e-01
