9.315790000000000459e-01
7.745429999999999815e-01
7.266620000000000301e-01
5.491200000000000525e-01
5.196739999999999693e-01
5.005889999999999507e-01
4.737810000000000077e-01
5.129129999999999523e-01
5.233449999999999491e-01
4.719099999999999961e-01
4.858210000000000028e-01
4.395879999999999788e-01
4.669800000000000062e-01
6.133570000000000411e-01
7.479459999999999997e-01
1.587569999999999926e+00
1.353599999999999914e+00
1.214620000000000033e+00
1.035430000000000073e+00
8.313070000000000181e-01
8.895429999999999726e-01
9.902990000000000403e-01
6.418490000000000029e-01
6.182109999999999550e-01
8.697549999999999448e-01
6.885639999999999539e-01
8.313249999999999806e-01
7.647969999999999491e-01
1.464139999999999997e+00
1.217030000000000056e+00
1.162439999999999918e+00
6.039160000000000084e-01
6.080569999999999586e-01
5.631850000000000467e-01
5.498690000000000522e-01
5.943040000000000544e-01
5.425940000000000207e-01
5.267230000000000523e-01
5.883460000000000356e-01
6.532200000000000228e-01
5.766320000000000334e-01
5.332379999999999898e-01
4.579739999999999922e-01
4.974210000000000020e-01
5.402930000000000232e-01
5.624289999999999567e-01
7.684680000000000399e-01
6.091389999999999860e-01
7.693769999999999776e-01
6.210219999999999629e-01
5.580439999999999845e-01
5.125189999999999468e-01
5.194480000000000208e-01
5.343020000000000547e-01
5.456069999999999531e-01
5.333369999999999500e-01
5.854759999999999964e-01
5.291329999999999645e-01
5.096230000000000482e-01
5.267699999999999605e-01
5.270489999999999897e-01
5.210219999999999851e-01
5.378849999999999465e-01
6.779150000000000453e-01
1.528739999999999988e+00
1.888959999999999972e+00
8.239610000000000545e-01
6.360379999999999923e-01
7.293579999999999508e-01
9.051949999999999719e-01
8.670200000000000129e-01
6.012549999999999839e-01
4.866690000000000182e-01
5.043499999999999650e-01
5.442759999999999820e-01
7.241480000000000139e-01
7.786140000000000283e-01
8.395019999999999705e-01
1.692989999999999995e+00
1.228229999999999933e+00
8.624359999999999804e-01
6.934249999999999581e-01
5.387629999999999919e-01
5.430580000000000407e-01
4.825099999999999945e-01
7.561989999999999545e-01
1.007730000000000015e+00
9.735099999999999865e-01
5.697229999999999794e-01
4.657850000000000046e-01
4.745929999999999871e-01
4.446709999999999829e-01
5.173410000000000508e-01
4.853930000000000189e-01
4.897239999999999926e-01
5.086319999999999730e-01
6.826510000000000078e-01
6.436079999999999579e-01
5.841229999999999478e-01
5.137829999999999897e-01
5.200519999999999587e-01
5.441249999999999698e-01
5.470890000000000475e-01
5.025910000000000100e-01
4.891289999999999805e-01
5.374740000000000073e-01
5.600119999999999543e-01
5.480770000000000364e-01
5.662819999999999521e-01
6.292240000000000055e-01
7.113969999999999461e-01
6.565069999999999517e-01
6.542750000000000510e-01
5.911239999999999828e-01
6.116970000000000462e-01
1.151990000000000069e+00
1.075590000000000046e+00
6.049020000000000508e-01
4.960470000000000157e-01
4.889229999999999965e-01
5.490720000000000045e-01
6.154950000000000143e-01
5.846890000000000143e-01
6.479850000000000332e-01
6.369820000000000482e-01
6.044739999999999558e-01
5.919689999999999674e-01
4.935370000000000035e-01
4.845130000000000270e-01
5.314050000000000162e-01
5.053379999999999539e-01
5.123720000000000496e-01
5.414060000000000539e-01
6.131659999999999888e-01
8.241589999999999749e-01
6.734229999999999938e-01
6.160259999999999625e-01
5.281679999999999708e-01
5.125979999999999981e-01
4.388319999999999999e-01
4.716890000000000249e-01
4.981090000000000240e-01
6.558359999999999745e-01
6.546880000000000477e-01
5.642099999999999893e-01
4.607999999999999874e-01
4.374529999999999808e-01
4.994149999999999978e-01
5.806599999999999540e-01
6.011670000000000069e-01
1.068380000000000107e+00
1.292559999999999931e+00
7.660179999999999767e-01
5.549239999999999728e-01
5.826109999999999900e-01
5.789349999999999774e-01
5.371650000000000036e-01
4.805630000000000179e-01
4.690690000000000137e-01
5.167310000000000514e-01
5.264879999999999560e-01
4.735750000000000237e-01
4.753060000000000063e-01
4.384779999999999789e-01
5.185859999999999914e-01
5.722969999999999446e-01
4.817239999999999855e-01
4.553470000000000018e-01
6.369449999999999834e-01
6.141400000000000192e-01
4.957300000000000040e-01
4.507269999999999888e-01
7.205179999999999918e-01
7.567549999999999555e-01
8.779730000000000034e-01
8.175120000000000164e-01
6.482660000000000089e-01
6.011130000000000084e-01
5.104319999999999968e-01
4.848540000000000072e-01
4.625219999999999887e-01
4.467490000000000072e-01
4.701600000000000223e-01
5.003910000000000302e-01
5.187960000000000349e-01
4.852739999999999831e-01
4.862870000000000248e-01
4.919160000000000199e-01
5.185239999999999849e-01
5.429859999999999687e-01
5.222609999999999753e-01
5.005380000000000384e-01
5.304280000000000106e-01
4.917590000000000017e-01
4.799829999999999930e-01
4.861179999999999946e-01
4.663059999999999983e-01
4.745929999999999871e-01
5.006730000000000347e-01
