0.429661
0.411878
0.397957
0.572749
1.05658
1.07499
0.563145
0.399405
0.378272
0.401117
0.394606
0.405379
0.481651
0.370812
0.331058
0.353485
0.408947
0.334888
0.356329
0.371117
0.315793
0.372023
0.340014
0.365873
0.430897
0.426213
0.383546
0.396616
0.42556
0.384412
0.405462
0.454838
0.417988
0.37137
0.418745
0.434764
0.449699
0.397508
0.398416
0.403631
0.372702
0.351626
0.420106
0.412241
0.437319
0.417578
0.388019
0.4481
0.428313
0.385655
0.399159
0.406878
0.459505
0.473601
0.451218
0.425774
0.423863
0.416039
0.416773
0.382665
0.408868
0.408798
0.390485
0.357944
0.349265
0.397335
0.397148
0.347349
0.339866
0.564351
0.512637
0.373528
0.336566
0.350285
0.313781
0.354231
0.356557
0.319126
0.377306
0.3145
0.343968
0.457789
0.339926
0.371734
0.479827
0.465936
0.406743
0.365628
0.402239
0.416007
0.435773
0.424805
0.392161
0.338995
0.296696
0.368319
0.414877
0.376419
0.405337
0.369163
0.387657
0.409951
0.357153
0.381144
0.382892
0.330615
0.354721
0.432733
0.388135
0.378821
0.345487
0.294542
0.445915
0.396721
0.367042
0.401701
0.384263
0.398427
0.430684
0.395444
0.381769
0.348619
0.380122
0.426516
0.420674
0.375033
0.332884
0.374541
0.419193
0.399396
0.330716
0.347171
0.431434
0.420027
0.346247
0.342738
0.382188
0.351318
0.369005
0.362386
0.396128
0.481292
0.489022
0.364711
0.366281
0.407528
0.413436
0.4071
0.372808
0.36752
0.40865
0.341109
0.321434
0.466156
0.425212
0.394121
0.398787
0.402613
0.367128
0.355276
0.403014
0.346317
0.393715
0.426503
0.351377
0.358655
0.332943
0.334367
0.332279
0.309753
0.332728
0.350156
0.344729
0.400342
0.331707
0.332936
0.312058
0.311979
0.347219
0.342411
0.397335
0.381591
0.331502
0.331483
0.297352
0.275089
0.389407
0.410496
0.365698
0.36346
0.382987
0.428615
0.372604
0.356544
0.399005
0.354731
0.391368
0.386698
0.320342
9.69276
0.931579
0.774543
0.726662
0.54912
0.519674
0.500589
0.473781
0.512913
0.523345
0.47191
0.485821
0.439588
0.46698
0.613357
0.747946
1.58757
1.3536
1.21462
1.03543
0.831307
0.889543
0.990299
0.641849
0.618211
0.869755
0.688564
0.831325
0.764797
1.46414
1.21703
1.16244
0.603916
0.608057
0.563185
0.549869
0.594304
0.542594
0.526723
0.588346
0.65322
0.576632
0.533238
0.457974
0.497421
0.540293
0.562429
0.768468
0.609139
0.769377
0.621022
0.558044
0.512519
0.519448
0.534302
0.545607
0.533337
0.585476
0.529133
0.509623
0.52677
0.527049
0.521022
0.537885
0.677915
1.52874
1.88896
0.823961
0.636038
0.729358
0.905195
0.86702
0.601255
0.486669
0.50435
0.544276
0.724148
0.778614
0.839502
1.69299
1.22823
0.862436
0.693425
0.538763
0.543058
0.48251
0.756199
1.00773
0.97351
0.569723
0.465785
0.474593
0.444671
0.517341
0.485393
0.489724
0.508632
0.682651
0.643608
0.584123
0.513783
0.520052
0.544125
0.547089
0.502591
0.489129
0.537474
0.560012
0.548077
0.566282
0.629224
0.711397
0.656507
0.654275
0.591124
0.611697
1.15199
1.07559
0.604902
0.496047
0.488923
0.549072
0.615495
0.584689
0.647985
0.636982
0.604474
0.591969
0.493537
0.484513
0.531405
0.505338
0.512372
0.541406
0.613166
0.824159
0.673423
0.616026
0.528168
0.512598
0.438832
0.471689
0.498109
0.655836
0.654688
0.56421
0.4608
0.437453
0.499415
0.58066
0.601167
1.06838
1.29256
0.766018
0.554924
0.582611
0.578935
0.537165
0.480563
0.469069
0.516731
0.526488
0.473575
0.475306
0.438478
0.518586
0.572297
0.481724
0.455347
0.636945
0.61414
0.49573
0.450727
0.720518
0.756755
0.877973
0.817512
0.648266
0.601113
0.510432
0.484854
0.462522
0.446749
0.47016
0.500391
0.518796
0.485274
0.486287
0.491916
0.518524
0.542986
0.522261
0.500538
0.530428
0.491759
0.479983
0.486118
0.466306
0.474593
0.500673
