4.296610000000000151e-01
4.118780000000000219e-01
3.979570000000000052e-01
5.727489999999999526e-01
1.056580000000000075e+00
1.074989999999999890e+00
5.631450000000000067e-01
3.994050000000000100e-01
3.782719999999999971e-01
4.011170000000000013e-01
3.946060000000000123e-01
4.053789999999999893e-01
4.816509999999999958e-01
3.708119999999999750e-01
3.310580000000000189e-01
3.534849999999999937e-01
4.089470000000000049e-01
3.348880000000000190e-01
3.563290000000000068e-01
3.711169999999999747e-01
3.157929999999999904e-01
3.720229999999999926e-01
3.400139999999999829e-01
3.658730000000000038e-01
4.308969999999999745e-01
4.262130000000000085e-01
3.835459999999999980e-01
3.966160000000000241e-01
4.255599999999999938e-01
3.844119999999999759e-01
4.054619999999999891e-01
4.548380000000000201e-01
4.179880000000000262e-01
3.713699999999999779e-01
4.187449999999999783e-01
4.347639999999999838e-01
4.496990000000000154e-01
3.975079999999999725e-01
3.984159999999999924e-01
4.036310000000000175e-01
3.727019999999999778e-01
3.516259999999999941e-01
4.201059999999999794e-01
4.122410000000000241e-01
4.373190000000000133e-01
4.175780000000000047e-01
3.880190000000000028e-01
4.480999999999999983e-01
4.283129999999999993e-01
3.856550000000000256e-01
3.991589999999999860e-01
4.068780000000000174e-01
4.595049999999999968e-01
4.736009999999999942e-01
4.512180000000000080e-01
4.257739999999999858e-01
4.238629999999999898e-01
4.160389999999999922e-01
4.167730000000000046e-01
3.826649999999999774e-01
4.088680000000000092e-01
4.087979999999999947e-01
3.904850000000000265e-01
3.579439999999999844e-01
3.492649999999999921e-01
3.973349999999999937e-01
3.971480000000000010e-01
3.473490000000000189e-01
3.398660000000000014e-01
5.643510000000000471e-01
5.126370000000000093e-01
3.735280000000000267e-01
3.365659999999999763e-01
3.502850000000000130e-01
3.137809999999999766e-01
3.542310000000000181e-01
3.565570000000000128e-01
3.191260000000000208e-01
3.773059999999999747e-01
3.145000000000000018e-01
3.439679999999999960e-01
4.577890000000000015e-01
3.399260000000000059e-01
3.717340000000000089e-01
4.798270000000000035e-01
4.659360000000000168e-01
4.067430000000000212e-01
3.656280000000000086e-01
4.022390000000000132e-01
4.160070000000000157e-01
4.357730000000000214e-01
4.248049999999999882e-01
3.921609999999999818e-01
3.389949999999999908e-01
2.966960000000000153e-01
3.683190000000000075e-01
4.148769999999999958e-01
3.764190000000000036e-01
4.053370000000000029e-01
3.691630000000000189e-01
3.876569999999999738e-01
4.099510000000000098e-01
3.571529999999999982e-01
3.811439999999999828e-01
3.828920000000000101e-01
3.306149999999999922e-01
3.547210000000000085e-01
4.327329999999999788e-01
3.881350000000000078e-01
3.788210000000000188e-01
3.454869999999999886e-01
2.945420000000000260e-01
4.459150000000000058e-01
3.967209999999999903e-01
3.670419999999999794e-01
4.017009999999999748e-01
3.842630000000000212e-01
3.984269999999999756e-01
4.306840000000000113e-01
3.954440000000000177e-01
3.817690000000000250e-01
3.486190000000000122e-01
3.801220000000000154e-01
4.265160000000000062e-01
4.206739999999999924e-01
3.750330000000000052e-01
3.328840000000000132e-01
3.745410000000000128e-01
4.191929999999999823e-01
3.993959999999999733e-01
3.307160000000000100e-01
3.471710000000000074e-01
4.314339999999999842e-01
4.200269999999999837e-01
3.462470000000000270e-01
3.427379999999999871e-01
3.821880000000000277e-01
3.513180000000000192e-01
3.690050000000000274e-01
3.623859999999999859e-01
3.961279999999999801e-01
4.812919999999999976e-01
4.890220000000000122e-01
3.647110000000000074e-01
3.662810000000000232e-01
4.075280000000000014e-01
4.134360000000000257e-01
4.071000000000000174e-01
3.728079999999999727e-01
3.675200000000000133e-01
4.086500000000000132e-01
3.411089999999999955e-01
3.214339999999999975e-01
4.661560000000000148e-01
4.252119999999999789e-01
3.941209999999999991e-01
3.987870000000000026e-01
4.026129999999999987e-01
3.671280000000000099e-01
3.552759999999999807e-01
4.030139999999999834e-01
3.463169999999999860e-01
3.937149999999999817e-01
4.265030000000000210e-01
3.513769999999999949e-01
3.586550000000000016e-01
3.329429999999999890e-01
3.343670000000000253e-01
3.322789999999999910e-01
3.097530000000000006e-01
3.327280000000000237e-01
3.501560000000000228e-01
3.447290000000000076e-01
4.003419999999999757e-01
3.317069999999999741e-01
3.329360000000000097e-01
3.120580000000000020e-01
3.119790000000000063e-01
3.472189999999999999e-01
3.424110000000000209e-01
3.973349999999999937e-01
3.815910000000000135e-01
3.315020000000000189e-01
3.314830000000000276e-01
2.973520000000000052e-01
2.750889999999999724e-01
3.894070000000000031e-01
4.104960000000000275e-01
3.656980000000000230e-01
3.634600000000000053e-01
3.829870000000000219e-01
4.286150000000000237e-01
3.726039999999999908e-01
3.565440000000000276e-01
3.990049999999999986e-01
3.547310000000000185e-01
3.913679999999999937e-01
3.866979999999999862e-01
3.203420000000000156e-01
