0.652006
0.667469
0.610383
0.594611
0.603133
0.651527
0.642286
0.649195
0.640672
0.620987
0.716645
0.702691
0.635502
0.65556
0.654878
0.688405
0.777483
0.75724
0.834784
0.742853
0.796309
0.775521
0.676637
0.641205
0.600837
0.597211
0.731211
0.6814
0.711899
0.703735
0.750102
0.661096
0.650656
0.66462
0.630093
0.628937
0.610372
0.673526
0.672434
0.66417
0.651833
0.720102
0.734905
0.681824
0.693267
0.659288
0.664508
0.67475
0.684627
0.650007
0.677002
0.67239
0.6876
0.646574
0.677706
0.685688
0.638281
0.680455
0.681658
0.628205
0.660484
0.707167
0.743455
0.750972
0.783646
0.946757
0.911409
0.835849
0.769186
0.789254
0.764535
0.771978
0.659094
0.667746
0.686758
0.708744
0.742136
0.730231
0.705248
0.764155
0.780082
0.93035
0.936565
0.853253
0.807108
0.753386
0.800681
0.766348
0.700306
0.729803
0.625434
0.557216
0.62999
0.706905
0.704661
0.716541
0.647229
0.678426
0.642808
0.623195
0.637204
0.617528
0.671697
0.632463
0.660004
0.719501
0.731054
0.659633
0.617159
0.693342
0.679635
0.678243
0.69676
0.667796
0.526437
0.615232
0.646293
0.692183
0.679045
0.672701
0.683894
0.617811
0.557159
0.55353
0.648875
0.691033
0.674571
0.675942
0.740926
0.776657
0.712183
0.765092
0.717118
0.642247
0.653817
0.70881
0.795853
0.781918
0.672168
0.714583
0.687129
0.657949
0.698819
0.65268
0.716768
0.690719
0.637235
0.689218
0.66546
0.646136
0.670547
0.640531
0.635095
0.679001
0.687421
0.699928
0.697971
0.6614
0.637822
0.70399
0.596168
0.629381
0.671445
0.645554
0.689445
0.679742
0.659815
0.692435
0.706455
0.734367
0.759535
0.722671
0.725088
0.748261
0.662449
0.686789
0.618629
0.599852
0.621219
0.640676
0.662768
0.683255
0.640321
0.619271
0.609397
0.583135
0.624823
0.627381
0.613999
0.621346
0.672572
0.60422
0.619954
0.583442
0.638221
0.656852
0.780267
1.07674
0.891569
12.0628
0.571249
0.571278
0.640061
0.596649
0.59687
0.69763
0.639519
0.743013
0.715257
0.68196
0.841285
0.731706
0.625281
0.559953
0.493385
0.579767
0.642111
0.692751
0.627281
0.592539
0.609114
0.542573
0.529642
0.544063
0.593271
0.619608
0.601584
0.568498
0.611751
0.630363
0.630034
0.590837
0.560655
0.494579
0.534847
0.746499
0.598265
0.552136
0.844751
0.799625
0.782636
0.671581
0.669864
0.770104
0.692775
0.656829
0.557718
0.54296
0.552986
0.625394
0.631701
0.638214
0.673696
0.671494
0.637111
0.595444
0.540157
0.536203
0.593147
0.59634
0.571944
0.574712
0.549473
0.556765
0.57784
0.610371
0.635333
0.678983
0.727685
0.643543
0.581137
0.589267
0.554452
0.540889
0.597138
0.554891
0.633137
0.68117
0.685307
0.782216
0.561908
0.58436
0.835427
0.854305
0.760559
0.801496
0.71807
0.582571
0.583234
0.568469
0.61083
0.618654
0.599078
0.521069
0.512442
0.534358
0.59113
0.637256
0.636634
0.515264
0.598951
0.602882
0.632223
0.730802
0.673368
0.629511
0.589404
0.599553
0.597823
0.580335
0.700199
0.647653
0.643141
0.588392
0.563489
0.647932
0.684634
0.645362
0.68181
0.585494
0.580488
0.646628
0.640468
0.620581
0.627782
0.602461
0.571106
0.619762
0.633151
0.590606
0.568808
0.543883
0.537984
0.563043
0.549493
0.539564
0.671581
0.898345
0.931238
0.777364
0.674854
0.716236
0.641494
0.524691
0.539788
0.66234
0.795431
0.773929
0.686185
0.733234
0.741254
0.647983
0.600735
0.659126
0.706992
0.646731
0.669212
0.625267
0.65076
0.739546
0.648078
0.821119
0.681635
0.707951
0.678724
0.781779
0.770992
0.746593
0.73198
0.820951
0.719872
0.528513
0.541893
0.564336
0.564292
0.591321
0.760053
0.726342
0.702559
0.643703
0.69359
0.753485
0.715481
0.687492
0.617337
0.587877
0.683257
0.718561
0.706603
0.712255
0.640044
0.582672
0.549934
0.52747
0.569997
0.537581
0.53222
0.646269
0.653324
