6.520059999999999745e-01
6.674689999999999790e-01
6.103830000000000089e-01
5.946110000000000007e-01
6.031330000000000302e-01
6.515269999999999673e-01
6.422860000000000236e-01
6.491949999999999665e-01
6.406720000000000192e-01
6.209869999999999557e-01
7.166449999999999765e-01
7.026909999999999545e-01
6.355020000000000113e-01
6.555600000000000316e-01
6.548779999999999601e-01
6.884050000000000447e-01
7.774830000000000352e-01
7.572400000000000242e-01
8.347839999999999705e-01
7.428529999999999855e-01
7.963090000000000446e-01
7.755210000000000159e-01
6.766370000000000440e-01
6.412050000000000249e-01
6.008369999999999544e-01
5.972110000000000474e-01
7.312110000000000554e-01
6.814000000000000057e-01
7.118989999999999485e-01
7.037349999999999994e-01
7.501020000000000465e-01
6.610960000000000170e-01
6.506560000000000121e-01
6.646199999999999886e-01
6.300930000000000142e-01
6.289369999999999683e-01
6.103720000000000256e-01
6.735259999999999581e-01
6.724339999999999762e-01
6.641700000000000381e-01
6.518329999999999957e-01
7.201020000000000199e-01
7.349050000000000304e-01
6.818239999999999856e-01
6.932669999999999666e-01
6.592879999999999852e-01
6.645079999999999876e-01
6.747499999999999609e-01
6.846269999999999856e-01
6.500070000000000014e-01
6.770019999999999927e-01
6.723900000000000432e-01
6.875999999999999890e-01
6.465739999999999821e-01
6.777060000000000306e-01
6.856879999999999642e-01
6.382809999999999873e-01
6.804550000000000320e-01
6.816579999999999862e-01
6.282050000000000134e-01
6.604839999999999600e-01
7.071669999999999900e-01
7.434549999999999770e-01
7.509719999999999729e-01
7.836459999999999537e-01
9.467569999999999597e-01
9.114090000000000247e-01
8.358489999999999531e-01
7.691860000000000364e-01
7.892540000000000111e-01
7.645349999999999646e-01
7.719780000000000530e-01
6.590939999999999577e-01
6.677459999999999507e-01
6.867579999999999796e-01
7.087440000000000406e-01
7.421360000000000179e-01
7.302309999999999635e-01
7.052479999999999860e-01
7.641550000000000287e-01
7.800820000000000531e-01
9.303500000000000103e-01
9.365649999999999809e-01
8.532530000000000392e-01
8.071080000000000476e-01
7.533860000000000001e-01
8.006809999999999761e-01
7.663480000000000292e-01
7.003059999999999841e-01
7.298029999999999795e-01
6.254340000000000455e-01
5.572160000000000446e-01
6.299900000000000500e-01
7.069050000000000056e-01
7.046609999999999818e-01
7.165409999999999835e-01
6.472290000000000543e-01
6.784259999999999735e-01
6.428080000000000460e-01
6.231950000000000545e-01
6.372039999999999926e-01
6.175279999999999658e-01
6.716969999999999885e-01
6.324629999999999974e-01
6.600040000000000351e-01
7.195009999999999462e-01
7.310539999999999816e-01
6.596330000000000249e-01
6.171590000000000131e-01
6.933420000000000138e-01
6.796349999999999891e-01
6.782430000000000403e-01
6.967600000000000460e-01
6.677959999999999452e-01
5.264370000000000438e-01
6.152320000000000011e-01
6.462930000000000064e-01
6.921829999999999927e-01
6.790450000000000097e-01
6.727009999999999934e-01
6.838940000000000019e-01
6.178109999999999991e-01
5.571589999999999598e-01
5.535299999999999665e-01
6.488749999999999796e-01
6.910330000000000084e-01
6.745710000000000317e-01
6.759420000000000428e-01
7.409259999999999735e-01
7.766570000000000418e-01
7.121830000000000105e-01
7.650919999999999943e-01
7.171180000000000332e-01
6.422470000000000123e-01
6.538169999999999815e-01
7.088100000000000511e-01
7.958530000000000326e-01
7.819180000000000019e-01
6.721679999999999877e-01
7.145829999999999682e-01
6.871289999999999898e-01
6.579490000000000061e-01
6.988189999999999680e-01
6.526800000000000379e-01
7.167679999999999607e-01
6.907189999999999719e-01
6.372349999999999959e-01
6.892179999999999973e-01
6.654600000000000515e-01
6.461360000000000436e-01
6.705470000000000041e-01
6.405309999999999615e-01
6.350949999999999651e-01
6.790009999999999657e-01
6.874209999999999487e-01
6.999279999999999946e-01
6.979710000000000081e-01
6.613999999999999879e-01
6.378220000000000001e-01
7.039900000000000047e-01
5.961680000000000312e-01
6.293809999999999683e-01
6.714449999999999585e-01
6.455539999999999612e-01
6.894449999999999745e-01
6.797419999999999574e-01
6.598150000000000404e-01
6.924350000000000227e-01
7.064550000000000551e-01
7.343669999999999920e-01
7.595349999999999602e-01
7.226709999999999523e-01
7.250879999999999548e-01
7.482609999999999539e-01
6.624489999999999545e-01
6.867889999999999828e-01
6.186289999999999845e-01
5.998520000000000518e-01
6.212189999999999657e-01
6.406760000000000232e-01
6.627680000000000238e-01
6.832549999999999457e-01
6.403210000000000290e-01
6.192710000000000159e-01
6.093969999999999665e-01
5.831349999999999589e-01
6.248230000000000173e-01
6.273809999999999665e-01
6.139989999999999615e-01
6.213459999999999539e-01
6.725719999999999477e-01
6.042199999999999793e-01
6.199540000000000051e-01
5.834420000000000162e-01
6.382210000000000383e-01
6.568519999999999914e-01
7.802670000000000439e-01
1.076740000000000030e+00
8.915689999999999449e-01
