5.712490000000000068e-01
5.712779999999999525e-01
6.400609999999999911e-01
5.966489999999999849e-01
5.968700000000000117e-01
6.976299999999999724e-01
6.395189999999999486e-01
7.430130000000000345e-01
7.152570000000000316e-01
6.819600000000000106e-01
8.412849999999999495e-01
7.317059999999999675e-01
6.252809999999999757e-01
5.599530000000000340e-01
4.933850000000000180e-01
5.797670000000000323e-01
6.421109999999999873e-01
6.927510000000000057e-01
6.272809999999999775e-01
5.925390000000000379e-01
6.091140000000000443e-01
5.425729999999999720e-01
5.296419999999999462e-01
5.440629999999999633e-01
5.932709999999999928e-01
6.196080000000000476e-01
6.015840000000000076e-01
5.684979999999999478e-01
6.117510000000000447e-01
6.303630000000000067e-01
6.300339999999999829e-01
5.908369999999999456e-01
5.606550000000000145e-01
4.945789999999999909e-01
5.348469999999999613e-01
7.464990000000000236e-01
5.982650000000000468e-01
5.521359999999999602e-01
8.447510000000000296e-01
7.996250000000000302e-01
7.826359999999999983e-01
6.715809999999999835e-01
6.698640000000000150e-01
7.701040000000000108e-01
6.927750000000000297e-01
6.568289999999999962e-01
5.577180000000000470e-01
5.429599999999999982e-01
5.529859999999999776e-01
6.253940000000000055e-01
6.317009999999999570e-01
6.382139999999999480e-01
6.736959999999999615e-01
6.714940000000000353e-01
6.371109999999999829e-01
5.954439999999999733e-01
5.401569999999999983e-01
5.362029999999999852e-01
5.931469999999999798e-01
5.963399999999999812e-01
5.719440000000000079e-01
5.747120000000000006e-01
5.494729999999999892e-01
5.567649999999999544e-01
5.778400000000000203e-01
6.103709999999999969e-01
6.353330000000000366e-01
6.789830000000000032e-01
7.276850000000000263e-01
6.435429999999999762e-01
5.811370000000000147e-01
5.892669999999999852e-01
5.544519999999999449e-01
5.408889999999999532e-01
5.971379999999999466e-01
5.548910000000000231e-01
6.331369999999999498e-01
6.811700000000000532e-01
6.853069999999999995e-01
7.822160000000000224e-01
5.619079999999999631e-01
5.843599999999999905e-01
8.354270000000000307e-01
8.543049999999999811e-01
7.605589999999999851e-01
8.014959999999999862e-01
7.180699999999999861e-01
5.825709999999999500e-01
5.832340000000000302e-01
5.684690000000000021e-01
6.108299999999999841e-01
6.186540000000000372e-01
5.990779999999999994e-01
5.210690000000000044e-01
5.124419999999999531e-01
5.343579999999999997e-01
5.911300000000000443e-01
6.372560000000000446e-01
6.366340000000000332e-01
5.152640000000000553e-01
5.989510000000000112e-01
6.028820000000000290e-01
6.322229999999999794e-01
7.308019999999999516e-01
6.733679999999999666e-01
6.295110000000000428e-01
5.894040000000000390e-01
5.995530000000000026e-01
5.978229999999999933e-01
5.803350000000000453e-01
7.001990000000000158e-01
6.476530000000000342e-01
6.431409999999999627e-01
5.883920000000000261e-01
5.634890000000000176e-01
6.479319999999999524e-01
6.846339999999999648e-01
6.453619999999999912e-01
6.818100000000000271e-01
5.854939999999999589e-01
5.804880000000000040e-01
6.466279999999999806e-01
6.404680000000000373e-01
6.205810000000000493e-01
6.277819999999999512e-01
6.024610000000000243e-01
5.711060000000000025e-01
6.197620000000000351e-01
6.331510000000000193e-01
5.906059999999999643e-01
5.688079999999999803e-01
5.438830000000000053e-01
5.379840000000000177e-01
5.630429999999999602e-01
5.494930000000000092e-01
5.395640000000000436e-01
6.715809999999999835e-01
8.983449999999999491e-01
9.312380000000000102e-01
7.773640000000000549e-01
6.748539999999999539e-01
7.162359999999999838e-01
6.414940000000000087e-01
5.246910000000000185e-01
5.397880000000000456e-01
6.623400000000000398e-01
7.954309999999999992e-01
7.739289999999999781e-01
6.861850000000000449e-01
7.332340000000000524e-01
7.412539999999999685e-01
6.479829999999999757e-01
6.007350000000000190e-01
6.591259999999999897e-01
7.069919999999999538e-01
6.467309999999999448e-01
6.692120000000000291e-01
6.252670000000000172e-01
6.507600000000000051e-01
7.395460000000000367e-01
6.480780000000000429e-01
8.211190000000000433e-01
6.816349999999999909e-01
7.079509999999999970e-01
6.787239999999999940e-01
7.817790000000000017e-01
7.709920000000000107e-01
7.465929999999999511e-01
7.319799999999999640e-01
8.209509999999999863e-01
7.198719999999999564e-01
5.285130000000000106e-01
5.418929999999999580e-01
5.643359999999999488e-01
5.642920000000000158e-01
5.913209999999999855e-01
7.600529999999999786e-01
7.263420000000000432e-01
7.025590000000000446e-01
6.437030000000000252e-01
6.935900000000000398e-01
7.534849999999999604e-01
7.154810000000000336e-01
6.874919999999999920e-01
6.173370000000000246e-01
5.878769999999999829e-01
6.832570000000000032e-01
7.185610000000000053e-01
7.066029999999999811e-01
7.122549999999999715e-01
6.400439999999999463e-01
5.826719999999999677e-01
5.499340000000000339e-01
5.274699999999999944e-01
5.699969999999999759e-01
5.375809999999999755e-01
5.322200000000000264e-01
6.462689999999999824e-01
6.533240000000000158e-01
