0.32268
0.348426
0.338681
0.428033
0.435386
0.440232
0.474225
0.395993
0.473155
0.480145
0.388612
0.338636
0.472576
0.535698
0.779151
0.832467
0.672771
0.593756
0.581233
0.539944
0.489998
0.546999
0.412065
0.326
0.351357
0.344809
0.333586
0.349254
0.423304
0.531136
0.660087
1.86185
1.33376
1.08456
0.704017
0.566053
0.414057
0.488249
0.658536
0.70426
0.79475
0.67759
0.481917
0.319782
0.463626
0.424593
0.426775
0.567488
0.543233
0.537395
0.408811
0.371464
0.38186
0.485826
0.487257
0.425154
0.575932
0.577513
0.562315
0.446124
0.343054
0.359441
0.485946
0.633767
1.31947
1.21816
0.663534
0.448738
0.389466
0.334618
0.338001
0.299163
0.390662
0.339371
0.340857
0.407873
0.737172
0.584814
0.529007
0.326209
0.365698
0.429016
0.371136
0.288507
0.3704
0.432892
0.491786
0.522357
0.440756
0.337057
0.442858
0.572584
0.44129
0.480957
0.513316
0.487326
0.553305
0.44238
0.410357
0.408658
0.445617
0.4228
0.364116
0.478283
0.459106
0.475247
0.365403
0.392504
0.72334
0.653751
0.867343
0.665205
0.561347
0.41373
0.431314
0.404965
0.465818
0.496902
0.471995
0.442138
0.520166
0.588219
0.434785
0.333308
0.344826
0.304909
0.452249
0.516097
0.415464
0.517588
0.464477
0.339952
0.424515
0.492831
0.569708
0.546289
0.533267
0.448371
0.491137
0.494712
0.441551
0.461116
0.494825
0.543349
0.577168
0.497829
0.409962
0.452286
0.496506
0.484793
0.350501
0.440221
0.42344
0.367215
0.435811
0.44451
0.369028
0.39222
0.373458
0.422218
0.656153
0.708456
0.504321
0.350288
0.399087
0.409483
0.393589
0.378165
0.334639
0.31112
0.350754
0.269732
0.314689
0.293533
0.320761
0.308397
0.414337
0.463195
0.363138
0.362421
0.435769
0.410389
0.266501
0.238887
0.377934
0.423179
0.463796
0.516445
0.360748
0.421742
0.400401
0.490682
0.450121
0.41647
0.430197
0.362109
0.462628
0.460981
0.393955
9.02761
0.565396
0.661527
0.592736
0.521693
0.416502
0.503493
0.616811
0.504381
0.469454
0.645482
1.45509
0.959805
1.28572
0.772322
0.699422
0.608488
0.437567
0.483436
0.569642
0.598759
0.604475
0.547611
0.65186
0.612743
0.535717
0.630977
0.540668
0.721025
0.548297
0.636575
0.605818
0.755543
0.840261
0.799375
0.84283
0.896265
0.735202
0.532995
0.47973
0.626434
0.502228
0.584289
0.61114
0.584631
0.578061
0.612656
0.527989
0.526028
0.564088
0.532811
0.601782
0.739758
0.685793
0.533178
0.621016
0.59013
0.584254
0.592151
0.577733
0.638214
0.640156
0.586253
0.567726
0.560596
0.711178
0.858607
1.12313
0.813947
1.1567
1.40266
2.33405
2.46064
1.0442
0.638319
0.627512
0.661223
0.585385
0.546915
0.589475
0.651822
0.640986
0.655173
0.503078
0.498137
0.50321
0.554596
0.674578
0.647685
0.673858
0.698216
0.554558
0.496021
0.622608
0.638793
0.734647
0.918948
0.747149
0.696991
0.672159
0.641649
0.82543
0.87213
0.675581
0.73
0.551988
0.535439
0.578989
0.620424
0.643318
0.698924
0.751565
0.815125
0.769229
0.607958
0.580384
0.614542
0.671119
0.684401
0.898368
0.854525
0.74878
0.832208
1.71146
1.36102
1.60603
0.963687
0.928935
0.708229
0.660639
0.664668
0.682286
0.693004
0.8287
1.5539
1.9108
0.777414
0.592774
0.523131
0.468979
0.521244
0.538898
0.74428
0.669989
0.638836
0.490055
0.610384
0.826754
0.620487
0.898901
0.639219
0.597128
0.557293
0.47197
0.542401
0.514257
0.564561
0.444135
0.493038
0.50837
0.507193
0.701064
0.621721
0.596704
0.521855
0.656477
0.639862
0.535152
0.540168
0.525987
0.578321
0.55692
0.554353
0.654488
0.435506
0.512583
0.549481
0.623882
0.563338
0.573923
0.629969
0.542932
0.591183
0.606022
0.625938
0.571826
0.411165
0.375691
0.454023
0.499033
0.538065
0.532426
0.623334
0.648015
0.591407
0.473896
0.519328
0.532926
0.619836
0.581321
