5.653960000000000097e-01
6.615269999999999762e-01
5.927360000000000406e-01
5.216929999999999623e-01
4.165019999999999833e-01
5.034929999999999684e-01
6.168109999999999982e-01
5.043809999999999683e-01
4.694539999999999824e-01
6.454820000000000002e-01
1.455089999999999995e+00
9.598050000000000193e-01
1.285719999999999974e+00
7.723219999999999530e-01
6.994219999999999882e-01
6.084880000000000289e-01
4.375669999999999837e-01
4.834359999999999769e-01
5.696419999999999817e-01
5.987590000000000412e-01
6.044749999999999845e-01
5.476109999999999589e-01
6.518599999999999950e-01
6.127430000000000376e-01
5.357169999999999987e-01
6.309770000000000101e-01
5.406680000000000375e-01
7.210250000000000270e-01
5.482970000000000343e-01
6.365750000000000020e-01
6.058179999999999676e-01
7.555429999999999646e-01
8.402610000000000356e-01
7.993749999999999467e-01
8.428299999999999681e-01
8.962649999999999784e-01
7.352020000000000222e-01
5.329949999999999966e-01
4.797299999999999898e-01
6.264340000000000463e-01
5.022280000000000078e-01
5.842889999999999473e-01
6.111400000000000166e-01
5.846310000000000118e-01
5.780610000000000470e-01
6.126559999999999784e-01
5.279890000000000416e-01
5.260280000000000511e-01
5.640880000000000338e-01
5.328110000000000346e-01
6.017820000000000391e-01
7.397580000000000267e-01
6.857929999999999859e-01
5.331780000000000408e-01
6.210160000000000124e-01
5.901300000000000434e-01
5.842540000000000511e-01
5.921509999999999829e-01
5.777330000000000521e-01
6.382139999999999480e-01
6.401559999999999473e-01
5.862530000000000241e-01
5.677259999999999529e-01
5.605959999999999832e-01
7.111779999999999768e-01
8.586070000000000091e-01
1.123129999999999962e+00
8.139469999999999761e-01
1.156700000000000061e+00
1.402660000000000018e+00
2.334049999999999958e+00
2.460640000000000160e+00
1.044200000000000017e+00
6.383189999999999698e-01
6.275119999999999587e-01
6.612230000000000052e-01
5.853850000000000442e-01
5.469150000000000400e-01
5.894749999999999712e-01
6.518220000000000125e-01
6.409859999999999447e-01
6.551730000000000054e-01
5.030780000000000252e-01
4.981369999999999965e-01
5.032100000000000461e-01
5.545959999999999779e-01
6.745780000000000109e-01
6.476849999999999552e-01
6.738579999999999570e-01
6.982159999999999478e-01
5.545579999999999954e-01
4.960209999999999897e-01
6.226080000000000503e-01
6.387930000000000552e-01
7.346470000000000500e-01
9.189479999999999871e-01
7.471489999999999521e-01
6.969910000000000272e-01
6.721589999999999510e-01
6.416490000000000249e-01
8.254299999999999971e-01
8.721299999999999608e-01
6.755809999999999871e-01
7.299999999999999822e-01
5.519880000000000342e-01
5.354389999999999983e-01
5.789889999999999759e-01
6.204239999999999755e-01
6.433179999999999454e-01
6.989239999999999897e-01
7.515650000000000386e-01
8.151249999999999885e-01
7.692290000000000516e-01
6.079579999999999984e-01
5.803840000000000110e-01
6.145420000000000327e-01
6.711190000000000211e-01
6.844010000000000371e-01
8.983680000000000554e-01
8.545249999999999790e-01
7.487800000000000011e-01
8.322079999999999478e-01
1.711459999999999981e+00
1.361019999999999897e+00
1.606030000000000069e+00
9.636869999999999603e-01
9.289349999999999552e-01
7.082289999999999974e-01
6.606389999999999763e-01
6.646680000000000366e-01
6.822859999999999481e-01
6.930039999999999534e-01
8.286999999999999922e-01
1.553900000000000059e+00
1.910800000000000054e+00
7.774140000000000494e-01
5.927740000000000231e-01
5.231310000000000127e-01
4.689789999999999792e-01
5.212440000000000406e-01
5.388979999999999881e-01
7.442800000000000527e-01
6.699889999999999457e-01
6.388359999999999594e-01
4.900550000000000184e-01
6.103840000000000376e-01
8.267539999999999889e-01
6.204870000000000108e-01
8.989009999999999501e-01
6.392189999999999817e-01
5.971279999999999921e-01
5.572930000000000383e-01
4.719700000000000006e-01
5.424010000000000220e-01
5.142569999999999641e-01
5.645609999999999795e-01
4.441350000000000020e-01
4.930379999999999763e-01
5.083699999999999886e-01
5.071930000000000049e-01
7.010640000000000205e-01
6.217209999999999681e-01
5.967040000000000122e-01
5.218549999999999578e-01
6.564769999999999772e-01
6.398620000000000418e-01
5.351519999999999611e-01
5.401679999999999815e-01
5.259869999999999823e-01
5.783209999999999740e-01
5.569199999999999706e-01
5.543529999999999847e-01
6.544879999999999587e-01
4.355060000000000042e-01
5.125830000000000108e-01
5.494809999999999972e-01
6.238820000000000476e-01
5.633380000000000054e-01
5.739229999999999610e-01
6.299690000000000012e-01
5.429319999999999702e-01
5.911830000000000140e-01
6.060219999999999496e-01
6.259379999999999944e-01
5.718259999999999454e-01
4.111650000000000027e-01
3.756909999999999972e-01
4.540230000000000099e-01
4.990330000000000044e-01
5.380650000000000155e-01
5.324259999999999549e-01
6.233340000000000547e-01
6.480150000000000077e-01
5.914070000000000160e-01
4.738959999999999839e-01
5.193280000000000118e-01
5.329260000000000108e-01
6.198360000000000536e-01
5.813209999999999766e-01
