3.226800000000000224e-01
3.484260000000000135e-01
3.386810000000000098e-01
4.280329999999999968e-01
4.353859999999999952e-01
4.402320000000000122e-01
4.742250000000000076e-01
3.959929999999999839e-01
4.731549999999999923e-01
4.801449999999999885e-01
3.886120000000000130e-01
3.386359999999999926e-01
4.725759999999999961e-01
5.356980000000000075e-01
7.791510000000000380e-01
8.324669999999999570e-01
6.727710000000000079e-01
5.937559999999999505e-01
5.812329999999999997e-01
5.399439999999999795e-01
4.899979999999999891e-01
5.469990000000000130e-01
4.120650000000000146e-01
3.260000000000000120e-01
3.513569999999999749e-01
3.448089999999999766e-01
3.335859999999999936e-01
3.492540000000000089e-01
4.233040000000000136e-01
5.311360000000000525e-01
6.600869999999999793e-01
1.861850000000000005e+00
1.333760000000000057e+00
1.084559999999999969e+00
7.040170000000000039e-01
5.660530000000000284e-01
4.140570000000000084e-01
4.882489999999999886e-01
6.585360000000000102e-01
7.042599999999999971e-01
7.947499999999999565e-01
6.775900000000000256e-01
4.819169999999999843e-01
3.197820000000000107e-01
4.636259999999999826e-01
4.245929999999999982e-01
4.267750000000000155e-01
5.674879999999999924e-01
5.432329999999999659e-01
5.373949999999999561e-01
4.088109999999999800e-01
3.714640000000000164e-01
3.818599999999999772e-01
4.858259999999999801e-01
4.872569999999999957e-01
4.251539999999999764e-01
5.759319999999999995e-01
5.775130000000000541e-01
5.623150000000000093e-01
4.461240000000000205e-01
3.430540000000000256e-01
3.594410000000000105e-01
4.859459999999999891e-01
6.337669999999999693e-01
1.319469999999999921e+00
1.218159999999999910e+00
6.635339999999999572e-01
4.487380000000000257e-01
3.894659999999999789e-01
3.346180000000000265e-01
3.380009999999999959e-01
2.991630000000000122e-01
3.906620000000000092e-01
3.393709999999999782e-01
3.408570000000000211e-01
4.078729999999999856e-01
7.371720000000000494e-01
5.848139999999999450e-01
5.290070000000000050e-01
3.262090000000000267e-01
3.656980000000000230e-01
4.290160000000000085e-01
3.711360000000000214e-01
2.885070000000000134e-01
3.704000000000000070e-01
4.328919999999999990e-01
4.917860000000000009e-01
5.223569999999999602e-01
4.407559999999999811e-01
3.370569999999999955e-01
4.428579999999999739e-01
5.725839999999999819e-01
4.412900000000000156e-01
4.809570000000000234e-01
5.133159999999999945e-01
4.873259999999999814e-01
5.533050000000000468e-01
4.423799999999999955e-01
4.103570000000000273e-01
4.086580000000000212e-01
4.456169999999999853e-01
4.228000000000000091e-01
3.641159999999999952e-01
4.782830000000000137e-01
4.591060000000000141e-01
4.752469999999999750e-01
3.654029999999999778e-01
3.925040000000000195e-01
7.233399999999999830e-01
6.537509999999999710e-01
8.673429999999999751e-01
6.652050000000000463e-01
5.613470000000000404e-01
4.137299999999999867e-01
4.313139999999999752e-01
4.049650000000000194e-01
4.658180000000000098e-01
4.969020000000000103e-01
4.719949999999999979e-01
4.421379999999999755e-01
5.201660000000000172e-01
5.882190000000000474e-01
4.347849999999999770e-01
3.333079999999999932e-01
3.448260000000000214e-01
3.049089999999999856e-01
4.522490000000000121e-01
5.160970000000000280e-01
4.154640000000000000e-01
5.175880000000000480e-01
4.644769999999999732e-01
3.399519999999999764e-01
4.245149999999999757e-01
4.928310000000000191e-01
5.697079999999999922e-01
5.462890000000000246e-01
5.332670000000000465e-01
4.483710000000000195e-01
4.911369999999999902e-01
4.947119999999999851e-01
4.415510000000000268e-01
4.611160000000000259e-01
4.948250000000000148e-01
5.433489999999999709e-01
5.771680000000000144e-01
4.978290000000000215e-01
4.099619999999999931e-01
4.522860000000000213e-01
4.965060000000000029e-01
4.847929999999999739e-01
3.505010000000000070e-01
4.402209999999999734e-01
4.234399999999999831e-01
3.672150000000000136e-01
4.358110000000000039e-01
4.445100000000000162e-01
3.690280000000000227e-01
3.922200000000000131e-01
3.734580000000000122e-01
4.222179999999999822e-01
6.561529999999999863e-01
7.084559999999999746e-01
5.043210000000000193e-01
3.502879999999999883e-01
3.990870000000000251e-01
4.094829999999999859e-01
3.935890000000000222e-01
3.781649999999999734e-01
3.346390000000000198e-01
3.111200000000000077e-01
3.507540000000000102e-01
2.697320000000000273e-01
3.146889999999999965e-01
2.935329999999999884e-01
3.207610000000000183e-01
3.083969999999999767e-01
4.143370000000000108e-01
4.631950000000000234e-01
3.631380000000000163e-01
3.624209999999999932e-01
4.357690000000000174e-01
4.103890000000000038e-01
2.665009999999999879e-01
2.388869999999999882e-01
3.779339999999999922e-01
4.231790000000000274e-01
4.637959999999999861e-01
5.164450000000000429e-01
3.607480000000000131e-01
4.217420000000000058e-01
4.004010000000000069e-01
4.906820000000000070e-01
4.501209999999999933e-01
4.164700000000000069e-01
4.301969999999999961e-01
3.621090000000000142e-01
4.626279999999999837e-01
4.609809999999999741e-01
3.939549999999999996e-01
