0.236443
0.231546
0.211141
0.185413
0.213964
0.233347
0.199617
0.172281
0.22792
0.246487
0.215993
0.225976
0.298622
0.266821
0.21787
0.21689
0.197299
0.168095
0.194085
0.211575
0.200472
0.176897
0.250257
0.256855
0.202066
0.217838
0.233533
0.24882
0.242251
0.207488
0.232924
0.228297
0.222452
0.298898
0.269278
0.210912
0.242969
0.250052
0.222003
0.340501
0.350468
0.224078
0.208417
0.192043
0.20302
0.202002
0.235951
0.220662
0.194249
0.20564
0.231641
0.240625
0.211196
0.247079
0.242155
0.293075
0.386121
0.569419
1.80638
1.33554
1.11353
0.82777
0.723714
0.465215
0.338865
0.294174
0.289928
0.272792
0.242346
0.196123
0.217521
0.207672
0.192821
0.214207
0.274112
0.418046
0.417997
0.427746
0.258235
0.254877
0.258979
0.233757
0.204158
0.200501
0.216398
0.212967
0.208849
0.209557
0.181608
0.183937
0.225283
0.214451
0.186644
0.187308
0.227244
0.201134
0.17139
0.202861
0.218676
0.195224
0.204045
0.224404
0.249561
0.231332
0.197475
0.200567
0.237375
0.267885
0.220147
0.210052
0.231001
0.219263
0.208844
0.23424
0.260863
0.243969
0.274869
0.318236
0.328815
0.29454
0.309037
0.439471
0.420861
0.454641
0.450884
1.31417
1.22415
0.868783
0.798315
0.828627
0.945006
0.692109
0.906017
2.64229
1.85876
1.97281
1.4808
1.39717
1.19478
0.740599
0.780192
1.64826
1.41837
1.90451
1.1493
1.05114
1.37589
1.03253
1.29986
1.19131
0.908902
0.849779
1.02861
1.34404
0.597685
0.412223
0.35495
0.497199
0.346052
0.52151
0.442621
0.350941
0.304948
0.273325
0.250128
0.279673
0.258371
0.246488
0.281469
0.255237
0.22501
0.226392
0.289104
0.279692
0.272418
0.347485
0.786097
0.538692
0.908604
0.416926
0.240056
0.250924
0.214999
0.21038
0.263437
0.263454
0.302712
0.813412
0.68804
0.449607
0.299775
0.240728
0.245327
0.232165
0.244017
0.288438
0.334089
0.366855
0.279423
7.63122
0.263748
0.28096
0.3459
0.333258
0.324315
0.295424
0.218749
0.211832
0.265109
0.280648
0.286915
0.325893
0.300675
0.430716
0.418354
0.422616
0.310521
0.215773
0.252966
0.288788
0.254738
0.239266
0.306046
0.286807
0.227434
0.244074
0.253704
0.238299
0.210423
0.218555
0.297443
0.262037
0.351688
0.381549
0.346433
0.267612
0.224988
0.231898
0.25294
0.239495
0.239391
0.259361
0.277396
0.25241
0.268997
0.35477
0.323742
0.41951
0.444654
0.498799
1.05875
1.03462
0.962707
0.498948
0.46707
0.468313
0.473715
0.380963
0.346449
0.325428
0.312985
0.319723
0.259099
0.245789
0.266859
0.267425
0.269021
0.266679
0.25692
0.276433
0.271794
0.268408
0.327988
0.31957
0.324411
0.344836
0.413211
0.461176
0.700243
0.892943
1.73851
1.87013
2.2233
0.841399
0.571563
0.500074
0.455615
0.389387
0.349345
0.340334
0.307994
0.285136
0.242155
0.29628
0.363989
0.324596
0.272095
0.247483
0.263305
0.259009
0.223424
0.283188
0.284342
0.233625
0.24945
0.250959
0.278084
0.306418
0.312582
0.316427
0.392732
0.580045
2.28124
1.35456
1.67986
0.672499
0.418175
0.351461
0.306678
0.292411
0.340289
0.303753
0.284188
0.279932
0.354549
0.304459
0.295171
0.288945
0.323482
0.348941
0.381338
0.827832
0.762486
0.834454
0.63914
0.512941
0.450664
0.325479
0.285853
0.328287
0.339941
0.360022
0.315463
0.274231
0.24229
0.291331
0.335691
0.404281
0.9461
0.990579
0.82916
0.539959
0.548638
1.25724
1.95113
1.71475
1.7557
0.786189
0.502801
0.455234
0.424912
0.380123
0.42267
0.458725
0.39283
0.370504
0.413492
0.471721
0.729736
2.69507
2.28398
1.35549
0.724448
0.469221
0.390178
0.364565
0.357843
0.480337
1.36942
1.10867
0.945361
0.580228
0.731916
0.46997
0.488406
0.912227
0.898663
1.07203
0.779861
0.945595
1.9251
1.07631
1.9283
1.66492
0.808138
0.893725
0.938841
0.959133
0.929426
