2.637479999999999825e-01
2.809599999999999875e-01
3.458999999999999853e-01
3.332579999999999987e-01
3.243150000000000199e-01
2.954240000000000199e-01
2.187489999999999990e-01
2.118319999999999925e-01
2.651089999999999836e-01
2.806480000000000086e-01
2.869149999999999756e-01
3.258929999999999882e-01
3.006750000000000256e-01
4.307159999999999878e-01
4.183540000000000036e-01
4.226159999999999917e-01
3.105209999999999915e-01
2.157729999999999926e-01
2.529660000000000242e-01
2.887879999999999892e-01
2.547380000000000200e-01
2.392660000000000065e-01
3.060459999999999847e-01
2.868069999999999786e-01
2.274339999999999973e-01
2.440740000000000132e-01
2.537039999999999851e-01
2.382990000000000108e-01
2.104229999999999989e-01
2.185549999999999993e-01
2.974430000000000129e-01
2.620370000000000199e-01
3.516880000000000006e-01
3.815490000000000270e-01
3.464329999999999909e-01
2.676120000000000165e-01
2.249879999999999936e-01
2.318979999999999930e-01
2.529399999999999982e-01
2.394950000000000134e-01
2.393909999999999927e-01
2.593610000000000082e-01
2.773959999999999759e-01
2.524100000000000232e-01
2.689969999999999861e-01
3.547699999999999743e-01
3.237419999999999742e-01
4.195099999999999940e-01
4.446539999999999937e-01
4.987989999999999924e-01
1.058750000000000080e+00
1.034620000000000095e+00
9.627069999999999794e-01
4.989480000000000026e-01
4.670699999999999852e-01
4.683129999999999793e-01
4.737149999999999972e-01
3.809629999999999961e-01
3.464490000000000069e-01
3.254279999999999951e-01
3.129850000000000132e-01
3.197229999999999794e-01
2.590990000000000237e-01
2.457890000000000075e-01
2.668590000000000129e-01
2.674250000000000238e-01
2.690210000000000101e-01
2.666789999999999994e-01
2.569199999999999817e-01
2.764329999999999843e-01
2.717939999999999801e-01
2.684079999999999799e-01
3.279880000000000018e-01
3.195700000000000207e-01
3.244110000000000049e-01
3.448359999999999759e-01
4.132109999999999950e-01
4.611759999999999748e-01
7.002429999999999488e-01
8.929430000000000422e-01
1.738510000000000000e+00
1.870130000000000070e+00
2.223300000000000054e+00
8.413990000000000080e-01
5.715630000000000432e-01
5.000740000000000185e-01
4.556149999999999922e-01
3.893869999999999831e-01
3.493450000000000166e-01
3.403340000000000254e-01
3.079939999999999900e-01
2.851360000000000006e-01
2.421550000000000091e-01
2.962799999999999878e-01
3.639890000000000070e-01
3.245959999999999956e-01
2.720949999999999758e-01
2.474830000000000085e-01
2.633050000000000113e-01
2.590089999999999892e-01
2.234240000000000115e-01
2.831879999999999953e-01
2.843419999999999837e-01
2.336249999999999993e-01
2.494500000000000051e-01
2.509589999999999876e-01
2.780839999999999979e-01
3.064180000000000237e-01
3.125820000000000265e-01
3.164270000000000138e-01
3.927320000000000255e-01
5.800450000000000328e-01
2.281239999999999934e+00
1.354559999999999986e+00
1.679859999999999909e+00
6.724989999999999579e-01
4.181750000000000189e-01
3.514610000000000234e-01
3.066780000000000062e-01
2.924109999999999765e-01
3.402890000000000081e-01
3.037529999999999952e-01
2.841879999999999962e-01
2.799320000000000142e-01
3.545490000000000030e-01
3.044589999999999796e-01
2.951710000000000167e-01
2.889450000000000074e-01
3.234819999999999918e-01
3.489410000000000012e-01
3.813380000000000103e-01
8.278320000000000123e-01
7.624859999999999971e-01
8.344540000000000290e-01
6.391400000000000414e-01
5.129409999999999803e-01
4.506640000000000090e-01
3.254790000000000183e-01
2.858530000000000237e-01
3.282869999999999955e-01
3.399409999999999932e-01
3.600220000000000087e-01
3.154629999999999934e-01
2.742310000000000025e-01
2.422900000000000054e-01
2.913310000000000066e-01
3.356910000000000172e-01
4.042810000000000015e-01
9.461000000000000520e-01
9.905789999999999873e-01
8.291600000000000081e-01
5.399589999999999668e-01
5.486379999999999590e-01
1.257239999999999913e+00
1.951130000000000031e+00
1.714749999999999996e+00
1.755700000000000038e+00
7.861890000000000267e-01
5.028010000000000534e-01
4.552340000000000275e-01
4.249120000000000119e-01
3.801229999999999887e-01
4.226699999999999902e-01
4.587249999999999939e-01
3.928300000000000125e-01
3.705040000000000000e-01
4.134920000000000262e-01
4.717210000000000014e-01
7.297360000000000513e-01
2.695069999999999855e+00
2.283980000000000121e+00
1.355490000000000084e+00
7.244479999999999809e-01
4.692209999999999992e-01
3.901780000000000248e-01
3.645649999999999724e-01
3.578430000000000222e-01
4.803370000000000140e-01
1.369420000000000082e+00
1.108670000000000044e+00
9.453610000000000069e-01
5.802279999999999660e-01
7.319160000000000110e-01
4.699699999999999989e-01
4.884060000000000068e-01
9.122270000000000101e-01
8.986629999999999896e-01
1.072030000000000038e+00
7.798610000000000264e-01
9.455949999999999633e-01
1.925100000000000033e+00
1.076310000000000100e+00
1.928299999999999903e+00
1.664919999999999956e+00
8.081380000000000230e-01
8.937249999999999917e-01
9.388410000000000366e-01
9.591330000000000133e-01
9.294259999999999744e-01
