2.364429999999999865e-01
2.315460000000000018e-01
2.111409999999999954e-01
1.854129999999999945e-01
2.139639999999999875e-01
2.333469999999999989e-01
1.996169999999999889e-01
1.722809999999999897e-01
2.279200000000000115e-01
2.464870000000000116e-01
2.159929999999999906e-01
2.259760000000000102e-01
2.986219999999999986e-01
2.668209999999999749e-01
2.178700000000000081e-01
2.168899999999999995e-01
1.972990000000000022e-01
1.680949999999999944e-01
1.940850000000000075e-01
2.115750000000000131e-01
2.004720000000000113e-01
1.768969999999999987e-01
2.502570000000000072e-01
2.568550000000000000e-01
2.020659999999999956e-01
2.178380000000000039e-01
2.335329999999999906e-01
2.488200000000000134e-01
2.422509999999999941e-01
2.074880000000000058e-01
2.329239999999999922e-01
2.282969999999999999e-01
2.224520000000000108e-01
2.988979999999999970e-01
2.692780000000000173e-01
2.109119999999999884e-01
2.429689999999999905e-01
2.500519999999999965e-01
2.220030000000000059e-01
3.405009999999999981e-01
3.504680000000000017e-01
2.240779999999999994e-01
2.084169999999999912e-01
1.920429999999999915e-01
2.030200000000000060e-01
2.020019999999999871e-01
2.359509999999999941e-01
2.206619999999999970e-01
1.942490000000000050e-01
2.056399999999999895e-01
2.316410000000000136e-01
2.406250000000000056e-01
2.111959999999999948e-01
2.470789999999999931e-01
2.421550000000000091e-01
2.930749999999999744e-01
3.861209999999999920e-01
5.694190000000000085e-01
1.806380000000000097e+00
1.335539999999999949e+00
1.113529999999999909e+00
8.277700000000000058e-01
7.237139999999999684e-01
4.652149999999999896e-01
3.388650000000000273e-01
2.941739999999999911e-01
2.899280000000000190e-01
2.727919999999999789e-01
2.423460000000000059e-01
1.961229999999999918e-01
2.175209999999999921e-01
2.076719999999999955e-01
1.928209999999999924e-01
2.142070000000000085e-01
2.741120000000000223e-01
4.180459999999999732e-01
4.179970000000000074e-01
4.277460000000000151e-01
2.582349999999999923e-01
2.548770000000000202e-01
2.589790000000000147e-01
2.337569999999999926e-01
2.041580000000000061e-01
2.005010000000000125e-01
2.163980000000000070e-01
2.129669999999999896e-01
2.088490000000000069e-01
2.095569999999999933e-01
1.816079999999999917e-01
1.839369999999999894e-01
2.252830000000000110e-01
2.144510000000000027e-01
1.866440000000000043e-01
1.873080000000000023e-01
2.272440000000000015e-01
2.011340000000000072e-01
1.713899999999999868e-01
2.028610000000000135e-01
2.186760000000000093e-01
1.952240000000000086e-01
2.040450000000000041e-01
2.244039999999999924e-01
2.495610000000000051e-01
2.313320000000000098e-01
1.974750000000000116e-01
2.005669999999999953e-01
2.373750000000000027e-01
2.678849999999999842e-01
2.201470000000000093e-01
2.100519999999999887e-01
2.310010000000000119e-01
2.192630000000000134e-01
2.088440000000000019e-01
2.342400000000000038e-01
2.608630000000000115e-01
2.439689999999999914e-01
2.748689999999999745e-01
3.182360000000000189e-01
3.288150000000000239e-01
2.945400000000000240e-01
3.090370000000000061e-01
4.394710000000000005e-01
4.208609999999999851e-01
4.546410000000000173e-01
4.508840000000000070e-01
1.314170000000000060e+00
1.224150000000000071e+00
8.687829999999999719e-01
7.983149999999999968e-01
8.286270000000000024e-01
9.450060000000000127e-01
6.921089999999999742e-01
9.060169999999999613e-01
2.642290000000000028e+00
1.858759999999999968e+00
1.972809999999999953e+00
1.480799999999999894e+00
1.397170000000000023e+00
1.194779999999999953e+00
7.405990000000000073e-01
7.801919999999999966e-01
1.648260000000000058e+00
1.418369999999999909e+00
1.904509999999999925e+00
1.149299999999999988e+00
1.051139999999999963e+00
1.375890000000000057e+00
1.032529999999999948e+00
1.299860000000000015e+00
1.191310000000000091e+00
9.089019999999999877e-01
8.497789999999999511e-01
1.028610000000000024e+00
1.344039999999999901e+00
5.976850000000000218e-01
4.122230000000000061e-01
3.549499999999999877e-01
4.971990000000000021e-01
3.460520000000000262e-01
5.215100000000000291e-01
4.426209999999999867e-01
3.509410000000000029e-01
3.049479999999999968e-01
2.733249999999999846e-01
2.501280000000000170e-01
2.796730000000000049e-01
2.583710000000000173e-01
2.464880000000000126e-01
2.814690000000000247e-01
2.552369999999999917e-01
2.250099999999999878e-01
2.263920000000000099e-01
2.891040000000000276e-01
2.796919999999999962e-01
2.724179999999999935e-01
3.474849999999999883e-01
7.860970000000000457e-01
5.386919999999999487e-01
9.086039999999999672e-01
4.169260000000000188e-01
2.400559999999999916e-01
2.509239999999999804e-01
2.149989999999999957e-01
2.103800000000000114e-01
2.634369999999999767e-01
2.634540000000000215e-01
3.027119999999999811e-01
8.134120000000000239e-01
6.880399999999999849e-01
4.496069999999999789e-01
2.997750000000000137e-01
2.407279999999999975e-01
2.453269999999999895e-01
2.321650000000000102e-01
2.440170000000000117e-01
2.884380000000000277e-01
3.340890000000000248e-01
3.668549999999999867e-01
2.794229999999999769e-01
