0.337565
0.350702
0.364254
0.328801
0.325456
0.287499
0.275342
0.283601
0.275703
0.269476
0.293837
0.283428
0.30454
0.361769
0.408824
0.392061
0.384151
0.381899
0.440335
0.539695
1.29147
1.27811
0.512442
0.516023
1.5909
1.14169
0.916819
0.577732
0.500024
0.445217
0.373857
0.360812
0.36802
0.412509
1.2081
1.09658
0.796007
0.464704
0.33796
0.321448
0.334829
0.366156
0.432995
0.432579
0.449442
0.52119
0.691243
0.685512
0.422784
0.465435
0.398653
0.307869
0.29287
0.343835
0.382767
0.385429
0.384641
0.393913
0.405006
0.448449
0.414903
0.342194
0.361572
0.377117
0.374443
0.339485
0.377907
0.385998
0.343416
0.345891
0.415716
0.481668
0.527919
1.21631
1.13401
1.75706
1.33541
1.0888
0.642085
0.623065
0.68509
0.477492
0.420555
0.422427
0.379448
0.355207
0.399949
0.424727
0.647834
0.611429
0.36322
0.310895
0.323416
0.333026
0.366789
0.365584
0.382898
0.412613
0.404643
0.36328
0.353176
0.342188
0.361921
0.431291
0.441723
0.476996
0.733014
1.44054
1.48852
1.26633
1.02943
0.990891
1.08106
0.641654
0.434755
0.393741
0.334316
0.310582
0.304292
0.372333
0.422083
0.452801
0.38572
0.377746
0.353077
0.334165
0.301786
0.343947
0.384348
0.363673
0.404674
0.664098
0.528184
0.61336
0.438793
0.425112
0.470209
1.09817
1.36147
1.37605
1.24254
0.922464
0.592443
0.462497
0.38654
0.40108
0.367808
0.306709
0.298565
0.304179
0.280333
0.27298
0.292093
0.363228
0.437284
0.430235
0.399744
0.380779
0.346509
0.331112
0.342231
0.392379
0.526418
1.07038
1.48207
2.04312
0.868342
0.600402
0.662061
0.695953
1.24168
1.44787
1.73272
1.00098
0.522914
0.453401
0.403291
0.486893
0.600777
0.508685
0.558981
0.478552
0.506287
0.560449
0.693902
1.12352
1.223
1.34702
1.19759
1.14636
0.693614
0.654212
1.7056
1.32947
1.62717
1.72991
2.03392
2.02975
1.59171
6.25007
3.32373
2.6329
2.5584
2.15196
0.777655
0.687881
1.41737
1.38785
0.729658
0.567975
0.771489
1.97326
2.52637
3.91246
1.85715
1.07404
1.48563
1.49585
1.99237
0.834543
0.626111
1.18719
1.03603
1.27951
1.09063
0.894309
0.828586
1.43272
1.25332
1.69186
0.79214
0.591508
0.518407
0.49044
0.490433
0.540173
0.575654
0.834025
0.936919
1.6984
1.82047
1.6576
0.924325
0.787566
2.31606
1.33605
2.33731
0.934209
0.563406
0.564915
0.553398
1.01043
1.59031
1.40649
1.20035
0.918448
1.27467
2.47379
2.73568
2.3395
1.61668
2.57013
1.12014
2.17365
1.21824
0.91858
2.40655
2.43578
1.53905
1.8861
0.999834
0.663851
0.485604
0.48823
0.525132
0.673977
0.786321
0.813648
0.756685
0.699222
0.597103
0.50502
0.485291
0.504708
1.01274
1.28041
1.83998
1.02579
1.00981
0.917635
0.627569
0.804396
0.971804
1.17119
0.803698
