3.375650000000000039e-01
3.507020000000000137e-01
3.642540000000000222e-01
3.288010000000000099e-01
3.254560000000000231e-01
2.874990000000000046e-01
2.753419999999999757e-01
2.836009999999999920e-01
2.757029999999999759e-01
2.694759999999999933e-01
2.938370000000000148e-01
2.834280000000000133e-01
3.045399999999999774e-01
3.617690000000000072e-01
4.088240000000000207e-01
3.920609999999999928e-01
3.841510000000000202e-01
3.818989999999999885e-01
4.403349999999999764e-01
5.396950000000000358e-01
1.291469999999999896e+00
1.278110000000000079e+00
5.124419999999999531e-01
5.160230000000000095e-01
1.590899999999999981e+00
1.141690000000000094e+00
9.168190000000000506e-01
5.777320000000000233e-01
5.000240000000000240e-01
4.452169999999999739e-01
3.738569999999999949e-01
3.608120000000000216e-01
3.680200000000000138e-01
4.125090000000000146e-01
1.208099999999999952e+00
1.096580000000000110e+00
7.960070000000000201e-01
4.647040000000000060e-01
3.379599999999999826e-01
3.214480000000000115e-01
3.348289999999999877e-01
3.661559999999999815e-01
4.329950000000000188e-01
4.325789999999999913e-01
4.494420000000000082e-01
5.211900000000000421e-01
6.912430000000000518e-01
6.855120000000000102e-01
4.227839999999999931e-01
4.654349999999999876e-01
3.986529999999999796e-01
3.078690000000000038e-01
2.928700000000000192e-01
3.438350000000000017e-01
3.827670000000000239e-01
3.854290000000000216e-01
3.846410000000000107e-01
3.939130000000000131e-01
4.050059999999999771e-01
4.484489999999999865e-01
4.149030000000000218e-01
3.421939999999999982e-01
3.615720000000000045e-01
3.771169999999999800e-01
3.744430000000000258e-01
3.394849999999999812e-01
3.779069999999999929e-01
3.859980000000000078e-01
3.434159999999999990e-01
3.458910000000000040e-01
4.157159999999999744e-01
4.816679999999999851e-01
5.279190000000000271e-01
1.216310000000000002e+00
1.134009999999999962e+00
1.757060000000000066e+00
1.335409999999999986e+00
1.088799999999999990e+00
6.420850000000000168e-01
6.230649999999999800e-01
6.850899999999999768e-01
4.774920000000000275e-01
4.205550000000000122e-01
4.224269999999999969e-01
3.794480000000000075e-01
3.552069999999999950e-01
3.999489999999999990e-01
4.247270000000000212e-01
6.478340000000000209e-01
6.114290000000000003e-01
3.632199999999999873e-01
3.108949999999999769e-01
3.234159999999999813e-01
3.330259999999999887e-01
3.667889999999999762e-01
