3.828980000000000161e-01
4.126130000000000075e-01
4.046429999999999749e-01
3.632799999999999918e-01
3.531759999999999899e-01
3.421879999999999922e-01
3.619209999999999927e-01
4.312909999999999799e-01
4.417229999999999768e-01
4.769959999999999756e-01
7.330140000000000544e-01
1.440539999999999932e+00
1.488520000000000065e+00
1.266329999999999956e+00
1.029430000000000067e+00
9.908909999999999663e-01
1.081059999999999910e+00
6.416539999999999466e-01
4.347550000000000026e-01
3.937410000000000077e-01
3.343160000000000021e-01
3.105820000000000247e-01
3.042920000000000069e-01
3.723330000000000251e-01
4.220829999999999860e-01
4.528010000000000090e-01
3.857200000000000073e-01
3.777460000000000262e-01
3.530769999999999742e-01
3.341649999999999898e-01
3.017859999999999987e-01
3.439470000000000027e-01
3.843480000000000230e-01
3.636730000000000240e-01
4.046739999999999782e-01
6.640979999999999661e-01
5.281839999999999868e-01
6.133600000000000163e-01
4.387929999999999886e-01
4.251119999999999899e-01
4.702089999999999881e-01
1.098170000000000091e+00
1.361469999999999958e+00
1.376049999999999995e+00
1.242539999999999978e+00
9.224639999999999507e-01
5.924430000000000529e-01
4.624969999999999914e-01
3.865399999999999947e-01
4.010799999999999921e-01
3.678080000000000238e-01
3.067090000000000094e-01
2.985650000000000248e-01
3.041789999999999772e-01
2.803329999999999989e-01
2.729800000000000004e-01
2.920929999999999915e-01
3.632279999999999953e-01
4.372840000000000060e-01
4.302349999999999786e-01
3.997439999999999882e-01
3.807789999999999786e-01
3.465090000000000114e-01
3.311120000000000174e-01
3.422310000000000074e-01
3.923789999999999778e-01
5.264180000000000526e-01
1.070380000000000109e+00
1.482069999999999999e+00
2.043120000000000047e+00
8.683419999999999472e-01
6.004019999999999913e-01
6.620610000000000106e-01
6.959530000000000438e-01
1.241679999999999895e+00
1.447869999999999990e+00
1.732720000000000038e+00
1.000979999999999981e+00
5.229139999999999899e-01
4.534009999999999985e-01
4.032910000000000106e-01
4.868930000000000202e-01
6.007770000000000055e-01
5.086850000000000538e-01
5.589809999999999501e-01
4.785519999999999774e-01
5.062870000000000426e-01
5.604489999999999750e-01
6.939020000000000188e-01
1.123520000000000074e+00
1.223000000000000087e+00
1.347020000000000106e+00
1.197589999999999932e+00
1.146360000000000046e+00
6.936139999999999528e-01
6.542120000000000157e-01
1.705600000000000005e+00
1.329469999999999930e+00
1.627170000000000005e+00
1.729910000000000059e+00
2.033920000000000172e+00
2.029749999999999943e+00
1.591709999999999958e+00
6.250070000000000014e+00
3.323729999999999851e+00
2.632899999999999796e+00
2.558399999999999785e+00
2.151959999999999873e+00
7.776549999999999851e-01
6.878809999999999647e-01
1.417370000000000019e+00
1.387850000000000028e+00
7.296580000000000288e-01
5.679750000000000076e-01
7.714889999999999803e-01
1.973260000000000014e+00
2.526370000000000005e+00
3.912459999999999827e+00
1.857150000000000079e+00
1.074040000000000106e+00
1.485630000000000006e+00
1.495849999999999902e+00
1.992369999999999974e+00
8.345430000000000348e-01
6.261109999999999731e-01
1.187189999999999968e+00
1.036030000000000006e+00
1.279509999999999925e+00
1.090629999999999988e+00
8.943090000000000206e-01
8.285860000000000447e-01
1.432719999999999994e+00
1.253319999999999990e+00
1.691859999999999919e+00
7.921399999999999553e-01
5.915080000000000338e-01
5.184069999999999512e-01
4.904399999999999871e-01
4.904330000000000078e-01
5.401730000000000143e-01
5.756539999999999990e-01
8.340250000000000163e-01
9.369189999999999463e-01
1.698399999999999910e+00
1.820470000000000033e+00
1.657599999999999962e+00
9.243249999999999522e-01
7.875659999999999883e-01
2.316059999999999786e+00
1.336049999999999960e+00
2.337309999999999999e+00
9.342089999999999561e-01
5.634059999999999624e-01
5.649149999999999450e-01
5.533979999999999455e-01
1.010429999999999939e+00
1.590309999999999890e+00
1.406490000000000018e+00
1.200350000000000028e+00
9.184480000000000421e-01
1.274669999999999970e+00
2.473790000000000155e+00
2.735679999999999890e+00
2.339500000000000135e+00
1.616679999999999895e+00
2.570129999999999804e+00
1.120139999999999914e+00
2.173649999999999860e+00
1.218239999999999990e+00
9.185799999999999521e-01
2.406550000000000189e+00
2.435779999999999834e+00
1.539050000000000029e+00
1.886100000000000110e+00
9.998340000000000005e-01
6.638509999999999689e-01
4.856039999999999801e-01
4.882299999999999973e-01
5.251320000000000432e-01
6.739770000000000483e-01
7.863210000000000477e-01
8.136480000000000379e-01
7.566850000000000520e-01
6.992220000000000102e-01
5.971030000000000504e-01
5.050200000000000244e-01
4.852909999999999724e-01
5.047080000000000455e-01
1.012739999999999974e+00
1.280410000000000048e+00
1.839979999999999949e+00
1.025789999999999980e+00
1.009810000000000096e+00
9.176349999999999785e-01
6.275690000000000435e-01
8.043959999999999999e-01
9.718040000000000012e-01
1.171189999999999953e+00
8.036980000000000235e-01
