5.642660000000000453e-01
5.018449999999999855e-01
5.879539999999999766e-01
6.737880000000000535e-01
6.329029999999999934e-01
6.749359999999999804e-01
1.149319999999999897e+00
1.273530000000000051e+00
1.581590000000000051e+00
9.548980000000000246e-01
1.319490000000000052e+00
1.212010000000000032e+00
1.112510000000000110e+00
1.041700000000000070e+00
8.050040000000000529e-01
8.061599999999999877e-01
8.437369999999999592e-01
7.284350000000000547e-01
8.202430000000000554e-01
1.057109999999999994e+00
1.091579999999999995e+00
8.160950000000000149e-01
7.329379999999999784e-01
8.596709999999999630e-01
7.333640000000000159e-01
6.782899999999999485e-01
6.758929999999999660e-01
7.618759999999999977e-01
7.625100000000000211e-01
7.804140000000000521e-01
6.617699999999999694e-01
6.540040000000000298e-01
5.989900000000000224e-01
4.543849999999999834e-01
4.253689999999999971e-01
5.521939999999999626e-01
6.438390000000000502e-01
5.919720000000000537e-01
6.531350000000000211e-01
7.567789999999999795e-01
7.555659999999999599e-01
6.505020000000000246e-01
6.645919999999999606e-01
6.194530000000000314e-01
5.483850000000000113e-01
6.603059999999999485e-01
7.985100000000000531e-01
7.264199999999999546e-01
5.427300000000000457e-01
5.522820000000000507e-01
5.181660000000000155e-01
9.089650000000000230e-01
7.666309999999999514e-01
1.191429999999999989e+00
6.263069999999999471e-01
5.556189999999999740e-01
7.051209999999999978e-01
7.300740000000000007e-01
7.138419999999999765e-01
7.532259999999999511e-01
5.739760000000000417e-01
5.492979999999999530e-01
6.108069999999999888e-01
7.365019999999999900e-01
7.305180000000000007e-01
9.415099999999999580e-01
1.027670000000000083e+00
6.546929999999999694e-01
7.067409999999999526e-01
6.365229999999999499e-01
6.205100000000000060e-01
5.467950000000000310e-01
5.393750000000000488e-01
8.833640000000000381e-01
9.005570000000000519e-01
6.423649999999999638e-01
7.987170000000000103e-01
9.097220000000000306e-01
1.020289999999999919e+00
2.552890000000000104e+00
2.082219999999999960e+00
1.444430000000000103e+00
1.255759999999999987e+00
7.500839999999999730e-01
7.355969999999999454e-01
7.051180000000000225e-01
7.930730000000000279e-01
7.548749999999999627e-01
6.330010000000000359e-01
5.494940000000000380e-01
7.226939999999999475e-01
7.891639999999999766e-01
7.943729999999999958e-01
6.630719999999999947e-01
6.096770000000000245e-01
5.000400000000000400e-01
5.069329999999999670e-01
6.722439999999999527e-01
7.411079999999999890e-01
7.911059999999999759e-01
8.009990000000000165e-01
7.937750000000000083e-01
7.482309999999999794e-01
7.471499999999999808e-01
7.657100000000000017e-01
7.124399999999999622e-01
5.585740000000000149e-01
5.410850000000000382e-01
5.179179999999999895e-01
6.207660000000000400e-01
8.302519999999999900e-01
8.355230000000000157e-01
8.624730000000000452e-01
8.642020000000000257e-01
9.035659999999999803e-01
7.388360000000000483e-01
7.400320000000000231e-01
6.001440000000000108e-01
4.548369999999999913e-01
7.244230000000000391e-01
8.571079999999999810e-01
6.960610000000000408e-01
9.430600000000000094e-01
7.932559999999999611e-01
6.252229999999999732e-01
8.058999999999999497e-01
8.189750000000000085e-01
4.783229999999999982e-01
5.678170000000000162e-01
6.003929999999999545e-01
5.716860000000000275e-01
6.034969999999999501e-01
6.670869999999999855e-01
5.889980000000000215e-01
6.077399999999999469e-01
7.080910000000000259e-01
7.719690000000000163e-01
8.953459999999999752e-01
1.170830000000000037e+00
7.546929999999999472e-01
5.169319999999999471e-01
5.528520000000000101e-01
5.368239999999999679e-01
6.027829999999999577e-01
6.135410000000000030e-01
5.917700000000000182e-01
4.890769999999999840e-01
4.888250000000000095e-01
4.909020000000000050e-01
6.636779999999999902e-01
6.406779999999999697e-01
5.559899999999999842e-01
6.274650000000000505e-01
6.103140000000000231e-01
6.813890000000000224e-01
5.831619999999999582e-01
5.280179999999999874e-01
6.026340000000000030e-01
5.782370000000000010e-01
6.090060000000000473e-01
6.217880000000000074e-01
4.777640000000000220e-01
4.874310000000000032e-01
5.945240000000000524e-01
5.149610000000000021e-01
5.889550000000000063e-01
5.640060000000000073e-01
6.627359999999999918e-01
5.546680000000000499e-01
5.007169999999999677e-01
5.629199999999999759e-01
6.721249999999999725e-01
6.556939999999999991e-01
5.895390000000000352e-01
5.025220000000000242e-01
7.449890000000000123e-01
7.245679999999999898e-01
6.735780000000000101e-01
5.176279999999999770e-01
5.110160000000000258e-01
6.069890000000000008e-01
6.441980000000000484e-01
6.257880000000000109e-01
7.110990000000000366e-01
6.437129999999999797e-01
5.400139999999999940e-01
4.814169999999999838e-01
4.762330000000000174e-01
4.556390000000000162e-01
6.364269999999999650e-01
5.807839999999999669e-01
6.461280000000000356e-01
6.627210000000000045e-01
5.628220000000000445e-01
5.655520000000000547e-01
5.334370000000000500e-01
5.738699999999999912e-01
5.331420000000000048e-01
5.085990000000000233e-01
