0.564266
0.501845
0.587954
0.673788
0.632903
0.674936
1.14932
1.27353
1.58159
0.954898
1.31949
1.21201
1.11251
1.0417
0.805004
0.80616
0.843737
0.728435
0.820243
1.05711
1.09158
0.816095
0.732938
0.859671
0.733364
0.67829
0.675893
0.761876
0.76251
0.780414
0.66177
0.654004
0.59899
0.454385
0.425369
0.552194
0.643839
0.591972
0.653135
0.756779
0.755566
0.650502
0.664592
0.619453
0.548385
0.660306
0.79851
0.72642
0.54273
0.552282
0.518166
0.908965
0.766631
1.19143
0.626307
0.555619
0.705121
0.730074
0.713842
0.753226
0.573976
0.549298
0.610807
0.736502
0.730518
0.94151
1.02767
0.654693
0.706741
0.636523
0.62051
0.546795
0.539375
0.883364
0.900557
0.642365
0.798717
0.909722
1.02029
2.55289
2.08222
1.44443
1.25576
0.750084
0.735597
0.705118
0.793073
0.754875
0.633001
0.549494
0.722694
0.789164
0.794373
0.663072
0.609677
0.50004
0.506933
0.672244
0.741108
0.791106
0.800999
0.793775
0.748231
0.74715
0.76571
0.71244
0.558574
0.541085
0.517918
0.620766
0.830252
0.835523
0.862473
0.864202
0.903566
0.738836
0.740032
0.600144
0.454837
0.724423
0.857108
0.696061
0.94306
0.793256
0.625223
0.8059
0.818975
0.478323
0.567817
0.600393
0.571686
0.603497
0.667087
0.588998
0.60774
0.708091
0.771969
0.895346
1.17083
0.754693
0.516932
0.552852
0.536824
0.602783
0.613541
0.59177
0.489077
0.488825
0.490902
0.663678
0.640678
0.55599
0.627465
0.610314
0.681389
0.583162
0.528018
0.602634
0.578237
0.609006
0.621788
0.477764
0.487431
0.594524
0.514961
0.588955
0.564006
0.662736
0.554668
0.500717
0.56292
0.672125
0.655694
0.589539
0.502522
0.744989
0.724568
0.673578
0.517628
0.511016
0.606989
0.644198
0.625788
0.711099
0.643713
0.540014
0.481417
0.476233
0.455639
0.636427
0.580784
0.646128
0.662721
0.562822
0.565552
0.533437
0.57387
0.533142
0.508599
6.48562
0.588328
0.52052
0.625147
0.928688
0.880015
0.895346
0.781833
0.61367
0.66928
0.643794
0.516478
0.575311
0.597031
0.532097
0.482628
0.579111
0.551536
0.567475
0.627825
0.498772
0.488268
0.615755
0.553817
0.556408
0.529247
0.724059
0.812393
0.562376
0.450467
0.525017
0.59421
0.522439
0.629793
0.999115
0.862847
1.1886
1.19579
1.46706
0.971812
1.14158
1.24164
1.53556
0.814622
0.602024
0.603325
0.571179
0.501928
0.518716
0.469391
0.500255
0.580914
0.628143
0.542441
0.615173
0.524176
0.68126
0.830059
0.805818
0.741972
0.83484
1.08544
1.37306
1.59907
1.38353
1.48028
0.937551
1.21939
1.19199
1.34024
0.743486
0.678474
0.549852
0.747959
0.633622
0.808269
1.14042
1.24725
0.941167
0.634192
0.633156
0.610738
0.762312
0.64458
0.65742
0.645224
0.627374
0.531004
0.576948
0.653068
0.722133
1.00223
2.13361
1.91718
2.13897
1.50484
2.02481
1.21139
0.914423
0.820646
0.702977
0.696802
0.646835
0.57758
0.728503
1.06473
1.21536
1.64072
1.37231
0.996857
1.06287
0.867258
0.616743
0.614061
0.652419
0.643668
0.710045
0.667295
0.55276
0.590002
0.591313
0.575788
0.585004
0.599305
1.00365
0.944433
1.06346
1.78914
2.06483
1.82074
1.85249
1.47334
1.54112
1.32492
0.822374
0.722386
0.714364
0.51574
0.48709
0.536351
0.536973
0.649081
0.599698
0.613521
0.673607
0.595798
0.485974
0.436218
0.439276
0.438317
0.504833
0.61372
0.677688
0.932343
0.980884
0.758278
0.582556
0.521851
0.61057
0.640438
0.59754
0.754593
0.825097
0.587674
0.684383
0.689378
0.626074
0.499358
0.503091
0.472335
0.472491
0.640374
0.554062
0.497821
0.617936
0.627805
0.665325
0.763638
0.620734
0.657728
0.731394
0.733643
0.612787
0.610161
0.455584
0.44176
0.46662
0.509442
0.440082
0.435731
0.507132
0.561083
0.536517
0.493766
0.44648
0.385148
0.422961
0.411308
0.453135
0.576222
