5.883279999999999621e-01
5.205199999999999827e-01
6.251470000000000082e-01
9.286879999999999580e-01
8.800149999999999917e-01
8.953459999999999752e-01
7.818330000000000002e-01
6.136700000000000488e-01
6.692799999999999860e-01
6.437939999999999774e-01
5.164779999999999927e-01
5.753110000000000168e-01
5.970309999999999784e-01
5.320970000000000422e-01
4.826280000000000014e-01
5.791110000000000424e-01
5.515360000000000262e-01
5.674749999999999517e-01
6.278249999999999664e-01
4.987719999999999931e-01
4.882679999999999798e-01
6.157550000000000523e-01
5.538170000000000037e-01
5.564080000000000137e-01
5.292470000000000230e-01
7.240590000000000082e-01
8.123930000000000318e-01
5.623759999999999870e-01
4.504670000000000063e-01
5.250169999999999559e-01
5.942100000000000160e-01
5.224389999999999867e-01
6.297930000000000472e-01
9.991149999999999753e-01
8.628470000000000306e-01
1.188600000000000101e+00
1.195789999999999909e+00
1.467060000000000031e+00
9.718120000000000092e-01
1.141580000000000039e+00
1.241640000000000077e+00
1.535560000000000036e+00
8.146219999999999573e-01
6.020240000000000036e-01
6.033250000000000002e-01
5.711789999999999923e-01
5.019280000000000408e-01
5.187159999999999549e-01
4.693910000000000027e-01
5.002550000000000052e-01
5.809140000000000414e-01
6.281430000000000069e-01
5.424409999999999510e-01
6.151729999999999698e-01
5.241759999999999753e-01
6.812599999999999767e-01
8.300589999999999913e-01
8.058180000000000343e-01
7.419719999999999649e-01
8.348400000000000265e-01
1.085439999999999960e+00
1.373059999999999947e+00
1.599069999999999991e+00
1.383529999999999927e+00
1.480280000000000040e+00
9.375510000000000232e-01
1.219389999999999974e+00
1.191990000000000105e+00
1.340240000000000098e+00
7.434859999999999802e-01
6.784740000000000215e-01
5.498520000000000074e-01
7.479590000000000405e-01
6.336220000000000185e-01
8.082690000000000152e-01
1.140419999999999989e+00
1.247249999999999970e+00
9.411669999999999758e-01
6.341919999999999780e-01
6.331560000000000521e-01
6.107380000000000031e-01
7.623119999999999896e-01
6.445800000000000418e-01
6.574200000000000044e-01
6.452240000000000197e-01
6.273739999999999872e-01
5.310040000000000315e-01
5.769480000000000164e-01
6.530679999999999819e-01
7.221330000000000249e-01
1.002229999999999954e+00
2.133610000000000007e+00
1.917180000000000106e+00
2.138970000000000038e+00
1.504839999999999955e+00
2.024809999999999999e+00
1.211389999999999967e+00
9.144229999999999858e-01
8.206459999999999866e-01
7.029769999999999630e-01
6.968020000000000325e-01
6.468350000000000488e-01
5.775799999999999823e-01
7.285030000000000117e-01
1.064729999999999954e+00
1.215359999999999996e+00
1.640719999999999956e+00
1.372309999999999919e+00
9.968569999999999931e-01
1.062869999999999981e+00
8.672579999999999734e-01
6.167430000000000412e-01
6.140609999999999680e-01
6.524189999999999712e-01
6.436680000000000179e-01
7.100450000000000372e-01
6.672949999999999715e-01
5.527600000000000291e-01
5.900020000000000264e-01
5.913129999999999775e-01
5.757879999999999665e-01
5.850039999999999685e-01
5.993049999999999766e-01
1.003649999999999931e+00
9.444329999999999670e-01
1.063460000000000072e+00
1.789139999999999953e+00
2.064830000000000165e+00
1.820740000000000025e+00
1.852489999999999970e+00
1.473340000000000094e+00
1.541120000000000045e+00
1.324920000000000098e+00
8.223740000000000494e-01
7.223859999999999726e-01
7.143639999999999990e-01
5.157399999999999762e-01
4.870900000000000230e-01
5.363510000000000222e-01
5.369730000000000336e-01
6.490810000000000191e-01
5.996979999999999533e-01
6.135209999999999830e-01
6.736069999999999558e-01
5.957980000000000498e-01
4.859740000000000171e-01
4.362179999999999946e-01
4.392759999999999998e-01
4.383170000000000122e-01
5.048329999999999762e-01
6.137200000000000433e-01
6.776879999999999571e-01
9.323430000000000328e-01
9.808839999999999781e-01
7.582780000000000076e-01
5.825559999999999627e-01
5.218509999999999538e-01
6.105699999999999461e-01
6.404379999999999518e-01
5.975399999999999601e-01
7.545929999999999582e-01
8.250969999999999693e-01
5.876740000000000297e-01
6.843829999999999636e-01
6.893780000000000463e-01
6.260740000000000194e-01
4.993580000000000241e-01
5.030909999999999549e-01
4.723350000000000048e-01
4.724909999999999943e-01
6.403739999999999988e-01
5.540620000000000545e-01
4.978210000000000135e-01
6.179360000000000408e-01
6.278049999999999464e-01
6.653250000000000552e-01
7.636380000000000390e-01
6.207340000000000080e-01
6.577279999999999793e-01
7.313939999999999886e-01
7.336430000000000451e-01
6.127869999999999706e-01
6.101609999999999534e-01
4.555839999999999890e-01
4.417599999999999860e-01
4.666199999999999792e-01
5.094419999999999504e-01
4.400819999999999732e-01
4.357309999999999794e-01
5.071320000000000272e-01
5.610829999999999984e-01
5.365170000000000217e-01
4.937659999999999827e-01
4.464799999999999880e-01
3.851479999999999904e-01
4.229609999999999759e-01
4.113080000000000069e-01
4.531350000000000100e-01
5.762220000000000120e-01
